0 131 158 107 119 52 98 120 100 126 88 100 125 141 171 56 107 83 116 161 106 114 110 142 98 144 109 133 129 97 88 108 93 143 70 104 94 89 137 162 17 137 188 126 131 111 117 141 91 120 131 121 100 54 113 139 112 119 128 130 152 76 122 140 91 107 146 144 144 108 152 107 95 112 105 154 103 103 133 103 112 153 117 101 154 43 129 120 109 103 136 77 97 128 133 74 118 109 124 126 121 87 143 97 118 128 133 120 44 126 108 95 114 111 113 157 118 82 128 98 116 21 117 150 144 116 116 93 
85 0 146 118 81 91 54 107 120 146 99 102 67 74 185 90 109 97 119 84 75 116 99 111 100 72 120 56 111 108 107 93 99 112 90 92 114 91 38 85 98 160 124 98 96 125 60 98 62 58 88 74 69 88 14 90 65 107 56 77 131 105 87 102 99 67 138 100 93 105 118 110 132 43 63 146 59 50 100 122 35 106 95 121 116 96 110 84 96 123 138 111 175 90 125 130 89 97 89 97 132 101 122 97 96 113 102 119 129 132 55 106 82 69 124 126 107 79 108 77 74 106 85 113 146 94 124 113 
89 100 0 76 105 133 94 119 93 121 64 106 112 110 183 69 81 96 81 156 119 88 104 145 84 109 79 128 128 73 101 80 106 144 88 76 89 93 106 50 83 88 159 42 127 83 86 33 81 107 23 108 116 67 82 103 99 76 93 117 123 98 96 117 104 103 132 124 94 74 126 72 91 88 118 155 99 90 109 72 112 119 103 96 140 56 100 95 78 98 122 90 130 88 60 70 108 66 54 116 117 100 148 96 81 102 127 113 112 139 95 71 83 124 96 160 112 83 73 125 110 110 86 116 116 79 93 88 
18 73 113 0 45 70 18 86 32 58 24 35 61 34 121 32 85 59 62 85 62 92 74 85 63 64 16 57 57 4 64 63 39 103 25 59 26 54 30 86 35 72 99 43 69 43 52 34 5 50 24 41 60 30 6 77 44 19 48 41 105 36 47 60 67 35 111 64 71 17 69 73 75 37 55 89 23 14 69 79 36 85 62 33 80 19 82 19 2 35 101 53 108 54 61 66 32 9 31 40 94 37 110 73 75 102 78 52 55 64 19 31 7 61 77 100 82 12 28 78 40 39 10 59 59 89 36 25 
39 94 106 75 0 88 62 41 53 79 82 56 46 85 142 64 117 77 93 95 69 124 36 40 28 88 80 67 93 68 96 70 101 66 23 66 47 75 105 96 41 93 109 65 75 64 75 98 44 73 88 74 68 62 81 98 65 26 105 101 128 44 98 67 78 80 76 74 109 24 76 84 68 44 92 105 67 89 115 111 75 106 47 54 35 51 105 90 41 56 66 85 115 9 125 87 65 16 95 73 94 58 102 105 96 109 96 73 62 134 79 66 82 80 70 55 44 33 35 57 84 57 77 66 66 105 43 46 
36 89 141 100 71 0 46 89 48 74 36 53 84 94 119 66 97 93 89 117 107 104 58 111 81 117 57 89 105 45 98 91 103 114 18 87 42 72 120 118 53 88 156 98 88 59 70 93 85 68 83 69 101 64 96 121 60 97 101 108 123 77 107 130 101 76 120 92 112 71 100 102 85 60 103 102 51 81 81 113 103 101 90 49 106 59 100 76 94 51 110 87 130 80 120 64 103 87 72 92 111 35 124 107 91 118 134 68 80 131 86 43 74 109 112 126 66 30 94 79 68 57 77 113 122 101 106 41 
66 69 124 64 27 67 0 68 73 106 45 83 73 55 169 55 108 82 65 78 79 115 63 67 46 93 66 50 59 54 87 88 60 93 50 84 74 37 89 79 67 120 120 64 90 71 80 55 51 94 45 91 95 53 70 84 86 53 77 62 151 71 68 94 90 59 94 46 104 51 103 56 78 65 104 132 5 35 90 102 57 120 65 81 62 42 128 30 48 83 84 76 121 36 82 92 78 43 81 86 78 85 116 96 90 129 99 65 84 85 40 52 28 98 88 82 71 60 62 71 22 84 31 93 93 88 70 73 
23 102 135 80 85 75 98 0 63 90 79 40 5 60 153 33 86 60 52 105 63 93 75 99 65 80 48 77 75 36 65 85 70 25 46 81 57 59 110 106 40 103 108 69 34 74 83 60 68 81 50 73 57 31 86 111 73 42 64 90 138 62 73 96 37 67 113 73 101 53 56 43 65 51 51 134 103 94 122 80 89 81 84 64 120 20 115 90 70 67 103 54 120 46 87 97 24 45 63 32 86 69 136 74 94 107 90 83 67 103 85 34 87 57 101 114 83 17 51 96 62 44 36 65 82 92 72 57 
83 117 166 95 106 77 96 112 0 112 94 100 99 70 148 74 106 93 67 80 85 113 81 121 108 95 86 52 69 99 106 75 111 123 95 112 80 118 125 81 69 126 147 94 117 97 42 86 61 96 76 94 80 72 101 86 88 70 79 93 154 83 83 89 101 69 120 48 90 68 120 58 80 75 115 145 101 92 82 121 67 115 105 87 137 75 131 97 58 89 133 95 110 89 102 112 88 60 50 96 106 91 78 94 43 127 112 20 106 142 97 101 85 121 121 136 89 77 79 73 32 104 88 110 106 90 87 79 
38 119 161 100 101 90 76 92 78 0 82 55 20 92 175 88 113 102 104 120 78 108 61 114 83 129 103 92 90 91 110 55 97 115 61 117 72 74 126 121 55 118 123 61 49 89 22 92 37 20 82 99 72 86 104 126 90 75 116 99 93 114 105 97 52 114 100 88 141 73 28 95 116 93 66 121 81 72 62 125 94 131 102 79 136 75 114 77 58 89 113 109 135 110 119 112 64 65 118 72 126 91 127 129 112 134 105 98 82 122 77 89 65 72 117 129 69 32 84 82 77 59 68 80 115 110 92 84 
62 78 118 72 58 72 82 91 37 63 0 79 48 106 126 50 92 77 67 116 71 99 90 98 86 95 21 88 106 9 82 68 82 108 30 64 31 94 102 117 69 77 147 75 77 48 59 70 74 57 60 46 65 48 78 85 49 84 79 105 112 41 107 125 80 40 134 84 76 82 89 94 80 24 94 109 87 86 45 97 104 90 67 38 93 48 89 91 74 40 124 71 119 67 97 71 67 74 36 75 106 42 115 80 67 113 98 57 106 115 91 7 79 100 107 113 98 56 93 109 69 83 82 108 111 65 101 30 
85 131 106 84 49 129 62 80 102 128 107 0 76 81 191 96 128 104 127 91 112 135 85 79 28 124 100 63 121 88 128 70 122 105 72 66 96 19 114 92 90 142 158 105 105 113 106 117 69 122 107 123 107 94 90 97 114 62 132 118 169 83 94 109 108 119 76 108 120 73 125 118 107 93 122 153 67 97 142 143 119 145 47 103 84 83 146 50 66 105 66 117 118 58 128 95 96 65 96 90 133 107 129 124 103 149 125 85 65 138 102 114 90 80 70 94 93 82 41 84 84 106 93 115 102 101 92 95 
18 99 141 109 81 70 97 95 58 97 105 35 0 76 160 74 93 101 87 100 58 88 110 94 63 113 87 72 70 86 90 101 111 95 41 97 52 54 116 101 35 98 103 96 29 69 80 87 86 78 91 79 52 72 92 106 70 90 99 113 133 94 89 118 32 94 111 68 129 88 51 78 100 80 46 165 102 111 120 105 108 111 82 59 116 61 110 85 83 74 101 95 115 90 128 92 113 80 102 74 126 76 131 115 92 114 85 78 62 126 91 84 116 52 105 109 118 12 76 93 57 39 119 60 118 90 107 64 
78 92 149 62 106 129 79 95 87 113 85 97 100 0 176 47 73 74 77 122 61 80 64 97 94 105 71 94 116 66 49 58 84 98 76 95 81 85 92 123 79 127 157 24 121 98 25 95 64 106 85 103 55 45 68 114 98 78 89 102 162 31 13 119 82 97 103 125 126 76 128 68 90 81 96 148 84 75 65 64 73 131 113 88 141 78 139 80 61 90 116 68 162 115 106 116 91 68 86 99 109 92 130 88 84 94 44 107 114 117 80 92 68 102 88 112 72 74 87 85 101 99 71 118 110 82 95 80 
35 114 117 46 91 33 64 12 75 102 53 52 17 72 0 45 88 72 64 107 45 95 87 11 77 92 60 89 87 48 77 67 82 37 51 63 69 71 76 108 52 96 120 81 46 86 95 72 51 93 62 85 39 43 52 98 85 54 76 81 131 15 85 106 49 51 125 85 113 63 68 55 39 63 63 123 69 60 77 92 76 93 96 76 126 32 108 65 48 79 115 66 78 58 97 55 36 55 75 44 65 68 117 86 38 109 72 62 25 110 59 46 53 69 103 26 73 29 63 86 67 2 48 77 94 36 82 69 
31 75 102 51 93 83 69 64 70 96 75 86 69 85 159 0 53 27 60 105 58 60 83 94 74 88 54 77 73 55 32 52 90 89 55 48 64 65 81 106 48 110 140 74 98 81 61 85 35 89 75 90 52 81 57 111 81 63 72 92 135 29 68 104 35 57 122 111 109 61 113 51 73 64 49 119 74 65 89 47 56 122 93 71 128 70 112 70 53 73 112 21 128 93 104 104 62 53 69 70 99 75 123 41 64 74 85 81 75 115 70 82 58 55 68 109 91 63 72 94 60 52 61 103 90 62 80 63 
30 94 99 65 42 82 55 73 59 106 70 68 69 96 123 49 0 76 79 106 81 7 47 72 21 100 64 78 47 69 51 63 78 98 60 59 53 12 95 107 47 99 121 26 48 70 75 99 56 79 89 80 100 47 71 112 71 38 91 106 134 76 15 79 84 33 69 86 119 36 88 70 71 49 98 117 60 79 50 66 75 112 40 60 77 63 111 35 53 83 59 70 114 51 70 68 83 28 79 91 97 39 113 90 11 21 46 70 74 111 84 77 72 73 15 87 55 45 47 68 40 51 75 78 37 9 55 73 
51 106 160 82 99 78 100 68 76 102 105 68 73 89 158 61 69 0 91 118 31 64 112 67 85 100 63 90 46 79 63 110 98 68 46 106 70 81 89 119 68 116 121 72 89 87 92 63 56 96 64 97 25 59 65 84 88 38 103 89 146 71 72 79 8 70 133 86 111 36 88 82 95 56 22 117 105 96 107 78 84 95 104 77 114 63 123 101 53 79 123 82 127 66 101 104 83 28 78 91 121 81 154 98 68 90 58 72 74 102 67 77 89 28 84 82 120 45 47 111 33 72 92 78 78 66 55 69 
20 50 102 28 39 72 46 54 49 86 27 63 55 62 141 60 65 64 0 82 77 72 23 79 67 28 44 54 85 32 92 50 66 79 53 48 43 77 58 83 2 89 80 59 84 60 31 54 33 29 44 30 71 58 34 88 21 47 12 38 102 64 75 88 72 25 85 56 49 36 93 66 13 31 83 114 51 42 71 107 50 62 51 50 74 47 98 47 30 63 75 81 117 48 44 54 60 37 59 68 39 57 89 53 76 86 104 69 64 92 33 34 35 89 79 94 31 40 56 44 68 41 38 69 87 74 64 53 
57 84 122 88 65 106 71 56 75 101 50 74 61 112 121 85 45 112 60 0 57 52 83 93 44 88 59 94 90 47 89 86 100 81 47 82 69 57 114 1 62 115 126 71 90 86 65 88 74 63 78 64 51 85 91 54 55 56 72 68 109 79 60 92 75 58 92 90 29 54 83 99 73 62 63 94 76 67 71 104 89 54 63 76 100 75 86 76 71 78 82 106 140 39 91 66 80 46 5 88 99 37 137 33 32 66 84 73 87 133 72 45 95 69 60 108 91 51 24 104 61 78 92 96 82 30 68 68 
60 75 132 51 68 112 69 37 45 71 75 77 42 85 134 30 56 57 60 105 0 63 83 36 77 88 54 77 103 55 32 82 67 62 15 78 39 68 80 106 62 85 140 82 71 56 61 85 56 65 75 66 64 28 56 95 57 63 72 92 120 40 71 104 65 76 125 92 109 61 93 51 64 64 79 140 74 65 101 47 56 98 87 46 103 56 97 70 53 48 115 51 127 77 104 79 61 53 69 69 90 50 123 71 67 77 27 65 99 82 70 58 58 85 71 51 91 54 72 98 77 81 61 102 93 65 80 38 
44 87 140 58 75 78 76 106 52 99 67 61 66 92 162 42 68 69 72 111 74 0 95 110 79 93 57 83 40 62 44 90 79 116 53 86 46 80 88 112 61 92 114 19 41 63 68 92 49 72 82 73 94 40 64 117 64 31 84 99 127 71 8 72 77 64 107 79 112 29 81 63 85 42 91 110 80 72 43 59 68 105 79 53 108 56 104 77 46 76 97 63 120 60 63 73 76 21 72 84 104 78 130 83 4 89 39 66 67 107 77 74 65 97 83 125 103 38 40 104 33 65 68 71 30 2 48 66 
28 106 143 88 88 80 106 31 65 121 109 45 36 49 172 64 104 41 82 59 72 105 0 73 73 108 79 31 87 67 96 90 69 56 77 104 59 64 118 60 45 105 98 49 65 76 57 91 72 55 81 86 66 62 94 65 77 73 94 111 114 71 62 77 49 98 62 63 88 13 87 73 95 33 63 94 111 102 97 111 94 112 92 66 123 51 100 76 90 98 52 85 125 77 118 102 55 69 64 63 117 96 66 92 71 125 93 85 72 102 89 65 95 66 56 88 8 22 82 21 74 49 67 55 113 69 96 88 
24 103 106 35 80 76 53 1 64 91 42 41 6 61 154 34 87 61 53 96 34 94 76 0 66 81 49 78 76 37 66 56 71 26 47 52 58 60 65 97 41 85 109 70 35 75 84 61 40 82 51 74 28 32 41 87 74 43 65 70 120 4 74 95 38 40 114 74 102 52 57 44 28 52 52 112 58 49 87 81 65 82 85 65 115 21 97 54 37 68 104 55 121 47 88 98 25 44 64 33 54 70 120 75 95 108 61 51 68 99 48 35 42 58 102 15 62 18 52 75 63 45 37 66 83 93 71 58 
57 103 78 95 21 101 34 62 74 100 79 77 67 89 163 68 121 95 99 89 90 128 57 61 0 109 100 84 93 88 100 42 94 87 44 38 68 71 123 90 62 114 130 80 96 85 96 89 41 94 79 95 89 66 101 118 86 47 111 96 141 65 102 88 99 93 48 80 118 45 97 90 89 65 113 125 39 69 119 115 91 119 19 75 56 55 118 62 38 77 38 89 136 30 116 108 68 37 94 76 112 79 123 109 80 130 117 94 83 119 74 86 62 52 42 76 65 54 56 78 56 78 65 87 87 78 64 67 
49 76 117 86 11 99 73 48 64 90 93 66 53 96 113 75 37 88 100 106 49 44 47 51 39 0 91 78 84 79 81 78 92 73 34 74 58 49 106 107 52 104 120 63 82 75 57 80 55 55 70 56 43 73 83 102 47 37 110 112 128 55 52 78 85 70 87 82 21 35 87 91 79 55 55 86 78 100 87 96 86 46 58 65 46 62 113 72 52 67 77 96 126 20 107 58 72 27 95 80 105 29 113 25 48 58 76 65 73 125 90 77 93 61 52 66 55 43 46 68 66 68 84 77 74 46 54 57 
41 57 109 51 39 86 69 70 16 42 60 58 62 85 105 34 71 61 57 95 50 78 75 79 67 85 0 67 85 54 66 59 71 87 9 55 10 73 81 96 58 56 130 66 56 27 38 61 53 36 51 37 44 32 57 64 28 65 69 92 91 20 86 105 69 68 113 63 55 63 68 73 70 38 83 88 73 65 78 81 83 69 58 17 74 27 68 70 53 19 103 55 98 48 88 50 78 55 15 83 96 21 94 59 59 92 77 36 85 104 70 52 58 89 86 94 83 35 74 88 48 62 61 87 90 80 82 9 
80 110 150 80 93 114 97 74 89 94 78 97 79 18 149 65 73 41 88 28 72 80 82 73 72 100 87 0 87 75 67 76 102 99 75 110 83 85 110 29 90 129 138 42 108 100 43 104 82 91 103 92 66 63 86 34 83 67 84 80 114 49 31 46 49 86 120 115 57 65 111 86 101 71 63 122 102 93 79 82 63 82 91 90 128 55 114 98 79 71 110 86 156 67 99 94 98 57 33 106 127 65 66 61 40 94 62 101 103 135 58 73 86 69 88 88 90 74 52 21 69 101 89 107 107 38 84 96 
50 74 117 68 56 83 73 74 33 59 77 67 79 102 122 51 88 78 74 112 67 95 92 73 39 99 17 84 0 71 83 76 88 92 26 72 27 86 98 113 67 73 120 76 73 44 55 78 55 53 68 54 61 49 74 81 45 37 86 99 108 37 103 78 86 75 87 80 72 35 85 90 87 55 100 105 78 82 95 98 73 86 58 34 68 44 85 87 52 36 77 72 115 20 105 67 82 27 32 90 113 38 111 76 76 109 94 26 73 121 87 69 75 91 81 88 99 44 46 105 38 68 78 77 77 97 54 26 
53 69 109 63 51 98 73 82 28 54 72 70 74 97 117 46 83 73 58 107 62 90 81 91 79 86 12 79 97 0 78 59 73 99 21 55 22 85 93 108 60 68 138 66 68 39 50 61 65 48 51 37 56 44 69 76 40 77 70 96 103 32 98 117 81 31 125 75 67 75 80 85 71 50 95 100 78 77 90 93 95 81 58 29 86 39 80 82 65 31 115 67 110 60 88 62 58 67 27 66 97 33 106 71 71 104 89 48 97 106 82 64 70 101 98 106 89 47 86 100 60 74 73 99 102 92 94 21 
37 43 123 19 61 80 37 82 38 64 43 54 56 53 127 51 24 78 28 73 72 31 51 96 45 56 22 45 71 23 0 62 58 107 31 76 32 36 49 74 30 78 108 50 72 49 29 53 24 57 43 58 66 49 25 79 49 31 40 60 113 42 39 72 86 53 93 79 77 29 81 19 41 32 63 108 42 33 69 15 24 90 64 39 96 38 90 38 21 41 83 72 120 70 72 72 51 21 37 59 67 43 91 81 35 45 70 58 67 83 38 50 26 69 39 111 59 31 40 66 59 58 29 71 61 33 48 31 
232 217 269 218 199 226 221 230 228 254 242 249 222 245 317 232 254 225 216 255 213 199 235 239 227 244 212 227 228 200 243 0 233 189 221 215 222 258 248 244 218 181 296 218 226 187 198 221 213 196 211 197 250 239 224 261 188 206 228 254 216 232 207 260 233 231 167 223 265 217 269 207 229 198 247 248 226 229 238 258 251 229 218 177 234 231 193 236 217 231 263 233 223 208 248 258 240 209 227 248 255 233 270 253 203 275 238 248 255 266 234 198 225 253 265 254 243 226 215 248 232 252 228 257 215 201 236 221 
51 39 122 71 103 103 89 74 80 102 95 88 79 92 169 20 73 47 80 102 78 80 43 114 94 108 74 74 93 74 52 72 0 90 50 68 74 85 77 103 68 120 112 72 38 91 81 63 55 97 75 101 72 18 53 46 92 83 92 112 155 49 88 120 55 77 105 77 129 56 130 71 93 76 69 137 94 85 109 67 74 133 113 81 138 67 132 90 73 83 95 41 135 112 112 114 82 73 89 90 119 85 109 61 84 94 105 100 95 33 90 93 78 75 88 129 51 65 92 64 80 72 81 69 110 82 100 73 
43 77 120 55 60 74 73 81 39 65 54 60 50 89 128 55 92 36 27 109 67 99 50 100 88 55 23 81 82 11 87 70 84 0 32 66 33 79 85 110 29 79 107 69 68 50 58 72 48 56 62 48 61 53 61 87 48 17 39 65 114 43 75 71 44 42 112 78 76 28 80 18 40 26 58 109 78 69 98 102 77 56 69 40 95 42 91 74 45 42 102 76 119 69 71 73 69 20 38 77 66 44 116 80 69 98 94 59 66 117 60 9 62 64 79 110 58 37 26 71 69 64 65 70 57 67 47 32 
55 71 123 99 53 100 87 84 30 56 98 72 76 99 119 48 97 75 71 109 103 104 89 93 81 99 57 81 99 45 80 73 85 109 0 69 24 87 102 110 72 70 144 80 70 41 52 75 67 50 65 51 100 46 78 115 42 79 83 109 105 77 112 119 83 76 129 77 112 77 82 87 84 52 97 137 87 83 92 95 97 83 72 31 88 41 82 90 85 33 119 69 112 62 102 64 92 69 72 97 110 35 108 89 73 118 130 50 99 118 88 43 95 103 112 108 97 49 88 102 62 76 98 101 104 101 96 23 
66 130 54 57 102 118 75 94 89 115 81 92 99 91 178 89 135 104 119 142 119 142 131 132 120 121 73 114 114 61 121 4 96 119 82 0 83 111 87 104 83 129 156 96 126 100 109 87 62 107 77 98 117 87 63 134 101 76 105 98 162 93 104 117 112 92 168 121 128 74 126 126 132 94 112 146 80 71 126 126 93 142 119 90 137 76 139 76 59 92 158 110 163 111 114 123 89 66 88 97 151 94 129 130 132 156 135 109 110 121 76 88 64 118 134 147 71 69 85 84 97 87 67 116 116 133 93 82 
68 47 99 83 29 76 63 60 6 108 82 85 52 75 154 79 84 98 72 85 79 91 65 69 57 100 92 57 75 87 74 49 63 85 52 45 0 96 78 86 70 46 138 56 81 17 28 51 43 26 41 27 86 77 54 91 18 55 84 86 81 73 88 95 84 75 105 53 96 53 103 63 85 28 98 113 68 59 68 89 73 59 48 7 64 80 58 66 64 85 95 100 88 38 78 79 68 45 56 76 111 87 84 100 49 105 106 26 91 96 64 89 71 104 95 84 73 62 64 78 38 82 74 95 80 93 72 75 
66 112 87 65 30 110 43 61 83 109 88 86 57 98 172 77 130 104 108 98 94 137 66 60 9 105 81 93 102 69 109 51 103 86 53 47 77 0 95 99 71 123 139 89 86 94 100 98 50 103 88 104 88 75 71 127 95 43 113 99 150 64 111 97 89 100 57 89 126 54 106 99 88 74 103 134 48 78 128 124 100 128 28 84 65 64 127 31 47 86 47 98 102 39 109 117 77 46 96 85 114 88 132 118 89 139 121 66 92 128 83 95 71 61 51 75 74 63 52 87 65 87 74 96 83 87 73 76 
67 112 163 88 105 81 106 74 82 108 82 84 79 92 161 67 72 90 97 142 37 79 115 73 93 125 90 114 73 85 69 113 104 74 52 109 76 84 0 143 60 122 144 63 108 93 94 66 24 102 70 103 31 65 71 90 94 79 109 129 124 77 87 120 98 29 133 127 114 77 129 88 101 97 25 108 111 102 113 84 93 98 112 83 140 79 101 107 62 85 123 88 164 93 107 116 51 69 105 59 113 87 160 108 77 93 64 99 111 105 107 83 95 31 87 88 123 61 88 135 36 88 98 119 109 75 96 75 
68 99 135 87 78 105 70 71 80 108 49 85 76 121 133 84 60 111 59 135 72 67 82 108 57 87 70 107 89 58 92 99 115 96 52 95 74 72 117 0 61 120 138 86 105 91 80 103 73 78 93 79 66 85 93 53 70 55 71 93 108 90 75 96 108 57 105 103 44 53 82 111 72 69 78 109 75 66 70 107 88 69 76 81 113 74 85 95 70 85 95 105 144 38 90 81 95 45 4 103 98 52 136 48 31 81 99 88 91 134 71 56 94 84 75 123 90 62 23 103 60 86 97 95 95 29 72 75 
152 159 214 148 117 157 90 134 163 189 135 169 139 145 247 126 146 101 155 157 118 153 153 133 136 183 156 129 147 144 150 169 135 155 133 174 157 127 176 158 0 200 171 109 168 161 136 145 141 162 135 163 112 124 152 163 154 139 167 113 174 131 158 175 109 91 184 136 155 137 189 146 152 116 123 206 95 86 159 165 108 171 155 161 152 132 183 120 138 166 174 147 211 126 172 131 158 129 162 166 168 163 126 134 157 167 145 155 174 168 91 142 118 129 161 148 161 146 148 81 112 173 121 179 179 155 156 156 
55 57 125 37 33 45 55 74 69 86 61 72 79 71 145 69 106 96 99 116 78 113 69 73 61 69 53 88 47 41 101 93 76 99 56 89 63 91 67 63 72 0 119 80 45 80 72 71 42 70 61 71 72 67 43 114 62 56 53 78 35 73 84 97 104 68 92 84 90 54 106 94 101 72 66 67 60 51 106 116 73 103 80 70 68 56 12 56 39 72 82 90 42 42 98 103 69 46 67 77 127 74 89 94 94 127 105 73 92 101 56 68 44 72 86 88 77 49 65 90 77 76 47 76 34 92 73 62 
60 90 142 49 79 107 59 69 81 107 67 84 74 83 134 81 58 104 40 122 70 65 63 106 79 68 65 94 99 53 102 90 88 94 60 88 75 70 79 123 42 121 0 48 103 92 71 83 54 69 73 70 64 79 55 123 61 68 52 78 142 85 73 105 106 65 91 96 42 66 118 106 53 71 76 107 64 63 108 117 85 67 91 82 114 68 131 15 51 84 81 102 106 88 84 79 81 58 80 89 79 50 129 46 69 79 97 50 100 113 68 74 56 82 73 121 71 61 77 84 62 81 59 108 95 67 81 74 
57 112 152 39 84 109 57 125 71 97 63 74 100 73 160 71 124 98 101 124 101 131 113 124 102 103 55 96 96 43 103 102 78 142 64 98 65 93 69 125 74 111 138 0 108 82 91 73 44 89 63 80 99 69 45 116 83 58 87 80 144 75 86 99 106 74 150 103 110 56 108 112 113 76 94 128 62 53 108 118 75 124 101 72 119 58 121 58 41 74 140 92 147 93 82 92 71 48 70 79 133 76 149 112 114 141 117 91 94 103 58 70 46 100 116 139 121 51 67 117 79 78 49 98 98 128 75 64 
67 83 135 86 65 112 99 96 42 68 85 84 88 61 131 60 109 84 58 71 104 116 81 105 93 84 69 43 111 57 92 85 97 121 12 81 36 99 114 72 60 82 74 85 0 53 64 77 79 62 67 63 109 58 90 77 54 61 70 96 117 89 74 89 92 83 141 39 100 59 94 49 71 64 106 140 99 95 104 107 106 95 84 43 100 53 94 89 76 45 131 81 124 74 102 76 104 51 76 109 97 47 109 101 83 118 105 62 97 130 91 55 93 112 119 120 89 61 70 64 74 88 96 31 101 81 78 35 
101 103 189 83 128 96 101 150 115 141 107 118 142 117 204 115 151 142 145 168 145 158 152 168 146 147 99 140 133 87 147 139 122 175 108 135 109 137 113 169 118 155 182 126 152 0 113 117 88 111 107 117 143 113 89 160 108 102 131 124 169 119 130 115 150 118 191 143 154 100 152 153 139 118 138 172 106 97 68 162 119 149 138 116 163 102 165 49 85 118 184 136 140 137 144 118 115 92 114 123 165 120 193 156 154 172 161 84 88 147 102 114 90 144 160 183 160 95 111 161 96 65 93 142 142 160 119 108 
66 109 161 89 81 118 54 70 94 90 60 83 75 70 153 66 119 80 82 98 96 126 39 112 100 110 81 70 91 69 98 33 75 95 90 107 91 91 104 99 83 137 135 78 104 86 0 70 39 83 60 89 105 64 95 104 80 53 94 77 139 95 83 94 88 100 78 100 119 51 103 73 95 71 102 123 59 50 40 113 72 121 110 98 116 53 116 55 36 67 91 87 142 90 97 98 66 43 96 74 121 69 105 107 110 136 114 90 89 100 55 67 43 105 95 127 47 60 62 60 76 87 46 93 93 108 70 90 
56 98 97 48 72 108 66 102 60 93 53 73 85 82 156 80 92 107 48 123 86 99 71 112 51 76 64 95 105 52 112 47 87 127 73 43 61 92 78 124 50 107 126 9 94 50 79 0 53 77 12 78 106 78 54 125 69 43 60 86 137 84 95 84 115 73 99 91 97 41 93 39 61 61 103 122 71 62 98 127 84 110 70 68 107 67 114 67 50 70 89 101 132 74 49 59 80 33 79 88 87 72 137 80 103 113 113 80 79 112 67 60 55 103 93 127 79 50 52 92 88 77 58 83 83 101 60 60 
86 140 190 78 122 97 96 134 99 136 93 108 139 68 162 110 132 66 113 150 97 115 132 133 136 141 94 135 112 82 117 103 117 134 103 137 93 127 108 121 103 139 177 39 147 110 93 102 0 119 92 119 91 108 84 150 111 97 125 119 100 99 81 138 74 91 109 142 149 95 147 136 79 115 85 84 101 92 133 132 114 152 140 100 157 97 77 97 80 113 99 131 142 131 121 119 27 87 109 35 89 115 177 151 116 153 112 119 89 142 97 100 85 91 103 148 140 85 106 153 83 66 88 137 137 117 114 103 
68 111 163 91 83 114 56 72 96 92 62 85 77 72 155 68 121 82 84 100 98 128 41 114 102 109 83 72 81 71 100 35 77 97 92 109 93 93 106 101 85 139 127 56 106 88 2 72 17 0 62 91 100 66 97 106 82 55 96 79 73 97 85 96 90 102 80 102 121 53 105 75 96 73 94 101 61 52 42 115 74 123 112 100 118 55 94 57 38 69 93 89 144 92 99 98 44 45 98 52 106 71 107 109 112 138 116 92 91 102 57 69 45 100 97 129 49 62 64 62 78 83 48 95 95 110 72 92 
66 105 107 58 82 113 76 112 70 103 41 83 89 92 166 90 80 117 58 133 96 87 81 122 61 86 62 105 115 50 121 57 97 137 71 53 71 92 88 134 60 117 136 19 104 60 86 10 63 84 0 85 106 88 64 126 76 53 70 96 125 82 95 94 121 80 109 101 107 51 103 49 68 65 113 132 81 72 86 136 94 117 80 78 117 77 102 77 60 80 99 111 142 84 37 47 90 43 77 98 94 82 147 90 91 101 123 90 89 122 77 48 65 113 95 137 89 60 62 102 98 87 68 93 93 89 70 70 
80 75 72 68 63 103 36 104 84 117 55 97 103 91 180 56 94 83 72 114 110 101 79 103 68 100 76 86 95 64 88 22 36 126 85 18 85 73 98 115 74 131 148 29 74 74 100 24 73 98 14 0 108 54 74 82 90 67 84 96 139 85 104 108 91 94 116 82 121 65 117 63 82 79 105 146 41 69 100 103 91 131 21 92 98 78 116 66 70 94 106 77 156 72 51 61 100 57 91 108 108 96 145 97 82 115 135 101 103 69 74 62 64 111 109 118 87 74 76 100 58 101 67 105 107 80 84 84 
66 81 138 57 74 117 75 43 51 77 80 83 48 64 140 36 62 63 66 111 6 69 89 42 83 94 60 83 109 54 38 88 73 43 21 84 45 74 64 112 68 91 146 58 77 62 67 49 62 71 39 72 0 34 40 59 63 60 78 98 126 46 77 110 71 82 131 98 115 67 99 57 70 69 85 146 80 71 107 53 62 99 93 52 109 62 103 76 59 54 121 57 133 83 76 85 67 59 75 75 96 56 129 77 73 83 33 71 105 88 76 52 64 91 77 57 97 60 69 104 83 87 67 108 99 71 86 44 
33 77 104 53 90 85 71 66 67 84 77 88 71 87 156 2 55 29 62 107 60 62 82 96 76 90 56 79 75 57 34 54 39 91 37 50 61 67 83 108 50 107 142 76 77 78 63 87 37 87 77 88 54 0 59 85 79 65 74 94 137 31 70 106 37 59 124 113 111 63 112 53 75 66 51 121 76 67 91 49 58 120 95 68 125 72 114 72 55 70 114 23 117 95 106 101 64 55 71 72 101 72 125 43 66 76 87 83 77 72 72 80 60 57 70 111 90 65 74 96 62 54 63 105 92 64 82 60 
91 80 132 104 67 105 40 93 106 132 85 108 85 95 171 76 95 103 105 107 61 102 85 97 86 58 106 79 97 94 93 79 85 98 76 78 100 77 24 108 84 146 110 87 114 111 46 84 48 44 74 60 55 74 0 113 51 93 42 63 117 101 108 125 111 53 124 86 79 91 136 96 118 61 49 132 45 36 86 108 58 92 81 107 102 82 125 70 82 109 124 97 161 76 111 116 75 83 112 83 118 87 145 83 101 99 88 105 124 118 41 92 68 55 110 112 93 85 102 100 60 112 71 99 132 99 110 99 
59 106 133 82 97 111 100 95 99 60 102 76 80 116 123 31 84 58 75 136 89 91 98 125 76 103 85 108 104 86 63 83 71 120 69 79 93 67 112 120 76 139 148 105 74 110 82 116 66 80 106 105 83 32 88 0 96 94 87 113 146 60 99 134 66 88 124 113 124 66 88 82 88 86 80 147 91 96 120 78 87 137 95 100 132 21 123 98 84 37 114 52 149 106 119 68 93 84 100 101 114 39 145 72 95 105 116 89 103 104 101 109 89 86 99 140 106 53 103 119 91 80 92 105 121 93 110 92 
52 29 81 77 72 58 45 42 66 99 64 69 34 57 162 61 103 80 54 67 92 110 49 111 77 82 85 39 89 73 93 31 45 67 75 27 67 82 67 68 56 113 134 38 63 83 10 33 25 8 23 9 86 59 43 73 0 57 66 87 81 88 70 85 66 79 88 35 96 55 85 45 67 10 80 109 50 60 50 108 64 41 30 74 106 62 77 65 46 76 101 82 146 81 60 70 52 47 72 60 93 78 105 100 79 124 101 86 93 78 65 71 53 86 105 126 57 46 66 60 67 73 56 94 97 77 74 66 
40 113 140 89 73 92 107 102 73 99 113 57 69 97 162 38 91 65 94 107 70 98 109 106 80 62 92 79 97 88 70 90 75 85 43 86 67 71 119 108 57 113 110 66 51 84 78 101 45 83 103 94 90 36 95 113 85 0 106 102 135 67 106 68 73 74 104 75 83 25 77 85 107 45 87 106 90 103 118 85 76 108 99 74 108 25 112 102 42 76 94 59 116 82 138 93 72 17 107 80 133 78 145 79 102 110 97 93 63 108 80 86 96 93 85 121 117 34 9 100 98 61 99 67 40 100 44 66 
61 38 90 86 27 67 54 51 75 106 73 78 43 66 129 70 53 89 63 76 65 60 58 67 55 16 94 48 98 82 97 40 54 76 50 36 74 65 76 77 65 120 68 47 72 91 19 42 34 17 32 18 59 68 52 82 9 53 0 96 90 71 68 94 75 86 97 44 37 51 94 54 76 19 71 102 59 69 59 112 73 50 39 81 62 71 86 74 55 83 93 91 142 36 69 74 61 43 81 69 102 45 114 41 64 74 92 81 89 87 74 80 62 77 68 82 66 55 62 69 76 82 65 57 90 62 70 73 
70 97 149 83 94 122 101 69 67 100 82 67 74 117 134 87 58 114 55 135 57 65 78 93 79 83 99 107 105 87 89 99 113 94 60 95 68 70 113 136 57 114 58 84 103 85 78 101 76 76 91 77 64 85 89 123 68 58 67 0 149 97 73 99 106 80 127 103 42 56 108 46 68 76 76 107 106 97 108 104 105 67 98 75 129 83 126 73 73 77 117 108 147 103 99 79 93 48 114 101 94 50 144 46 69 79 84 86 94 139 88 89 90 82 73 108 86 64 67 99 87 91 93 98 95 67 75 67 
39 56 90 80 68 87 85 80 45 71 77 52 70 97 110 63 78 90 86 98 43 85 83 79 51 90 29 80 12 83 75 88 100 80 38 84 39 71 94 28 56 85 111 67 79 56 67 72 46 65 76 66 37 61 70 81 57 28 98 103 0 49 93 69 98 79 57 76 72 26 78 86 99 46 31 32 90 94 98 90 77 97 70 46 80 53 97 71 43 48 47 84 117 32 113 79 73 18 32 81 125 50 123 76 59 99 70 38 64 111 81 81 87 37 51 94 91 33 37 101 42 60 90 68 68 57 45 38 
49 104 144 31 76 101 49 67 63 89 55 66 72 65 152 60 86 87 90 116 30 93 105 66 94 95 47 88 88 35 62 94 70 67 45 90 57 85 61 104 66 103 130 74 100 74 83 65 36 81 55 72 24 58 37 83 75 50 79 72 136 0 78 91 95 66 142 95 102 48 100 81 94 68 86 120 54 45 100 77 67 116 93 64 111 50 113 50 33 66 132 81 139 85 92 97 63 40 62 71 120 68 141 98 97 107 57 83 86 95 50 62 38 92 101 81 113 43 59 109 71 70 41 90 90 95 67 56 
65 79 136 50 95 116 68 98 74 100 74 85 92 84 163 34 60 61 64 109 92 67 87 128 81 92 58 81 107 54 36 86 71 123 67 82 68 72 80 110 66 114 144 11 108 85 65 84 55 93 74 91 86 32 56 115 85 67 76 91 149 63 0 108 69 85 121 114 113 65 117 55 77 68 83 139 73 64 105 51 60 126 100 75 130 69 126 69 52 77 111 55 149 104 93 103 82 57 73 90 96 79 127 75 71 81 31 94 103 104 69 81 57 89 75 143 95 62 76 102 90 86 60 107 97 69 84 67 
67 76 118 98 61 73 74 89 101 129 109 84 49 56 167 47 66 74 89 66 91 73 96 101 40 54 101 38 112 102 79 78 56 114 82 74 101 78 114 67 84 147 92 80 78 94 57 80 66 55 70 56 97 45 90 72 47 87 38 34 115 76 69 0 81 99 88 82 75 85 100 80 102 25 95 140 79 107 97 94 17 88 59 108 96 93 92 101 78 109 78 68 162 70 107 112 93 77 71 101 128 83 104 79 77 87 100 119 111 89 12 111 100 92 81 116 104 61 90 59 75 88 103 95 103 75 104 101 
73 101 152 77 94 70 95 63 71 97 100 90 68 84 150 56 61 83 86 125 26 56 104 62 77 114 55 97 38 74 58 102 93 63 41 98 65 73 84 126 88 111 133 64 97 82 87 55 54 91 59 92 20 54 60 79 83 68 98 81 146 66 64 109 0 62 125 108 103 58 118 77 90 78 14 138 100 91 99 73 76 87 96 72 106 68 123 96 51 74 115 77 153 58 96 105 81 58 70 89 116 76 149 97 60 82 53 64 104 94 59 72 84 20 76 77 112 67 77 118 25 94 87 100 86 58 85 64 
94 131 163 125 106 125 119 135 90 116 53 132 101 135 179 103 64 130 120 163 124 71 104 136 85 148 74 135 111 62 115 98 135 160 83 117 84 76 155 164 31 130 185 90 112 101 65 123 104 110 113 99 118 101 131 138 102 102 132 142 165 94 79 143 133 0 133 137 129 100 142 134 133 77 147 148 124 115 98 130 137 143 104 91 141 101 142 99 101 93 123 124 172 115 134 124 120 92 89 128 159 95 157 133 75 85 110 110 138 165 120 60 108 137 79 151 112 109 111 112 104 115 111 142 101 73 119 83 
80 121 147 97 81 121 54 83 91 117 99 97 88 109 180 65 98 92 106 132 46 105 117 82 100 129 100 104 105 101 78 97 113 108 61 93 85 91 126 123 97 131 150 92 117 102 107 109 53 111 99 112 110 74 102 138 103 67 118 116 153 86 113 108 100 113 0 100 150 65 117 97 110 85 114 137 59 89 144 93 102 144 119 92 116 67 130 84 50 94 138 66 156 90 136 125 80 57 115 88 132 96 169 86 109 119 73 111 103 128 94 104 82 120 113 97 125 74 76 125 76 101 85 107 107 107 84 84 
35 69 121 47 58 87 62 73 31 64 46 52 64 22 127 26 77 45 19 32 65 84 42 77 76 47 63 4 91 51 58 69 63 98 61 67 32 71 77 33 21 78 99 46 73 49 47 38 40 48 28 49 70 24 53 38 40 22 31 57 113 53 35 50 53 44 104 0 61 20 72 10 32 40 67 101 67 61 83 73 67 81 57 39 93 47 90 66 37 41 94 47 111 67 63 72 67 12 37 75 58 43 70 65 44 90 66 51 58 96 52 53 54 73 80 92 50 29 31 25 63 56 57 62 62 42 39 31 
28 55 107 73 58 80 71 27 48 74 72 45 32 83 92 58 16 85 79 93 28 23 63 64 37 105 75 65 63 63 60 57 71 52 18 53 42 28 85 94 45 88 131 42 61 59 36 59 51 34 49 35 22 56 62 81 26 48 89 97 107 59 31 63 64 49 85 61 0 46 83 70 58 36 34 65 76 86 66 75 80 25 56 49 93 47 92 51 63 51 75 79 111 67 86 37 51 38 74 59 84 8 126 4 27 37 55 44 58 104 75 61 79 40 31 79 71 22 57 84 45 49 63 88 53 25 39 41 
15 119 130 97 81 67 94 112 81 114 96 32 44 72 159 71 122 95 69 82 94 111 92 111 60 95 113 54 114 101 103 101 108 131 85 98 82 51 127 83 32 128 85 96 73 99 68 88 90 98 78 99 88 69 103 88 90 72 81 107 110 91 85 100 76 94 106 50 111 0 95 60 82 20 82 81 99 111 108 118 117 131 79 89 116 58 87 82 87 91 96 92 112 90 113 89 117 62 87 71 108 93 120 112 94 129 116 101 59 141 102 103 104 88 100 126 100 9 73 75 93 36 107 42 112 92 89 81 
122 156 208 130 143 174 116 169 151 188 129 165 161 164 247 129 171 156 149 183 137 178 161 173 162 134 146 155 173 134 161 152 161 174 152 154 145 153 100 184 139 172 186 163 190 162 122 160 124 120 150 136 131 127 76 187 127 149 118 139 193 129 177 190 164 127 200 162 155 147 0 172 115 137 125 208 121 112 162 176 134 168 157 152 178 149 184 146 132 165 200 150 214 152 187 192 151 139 161 159 141 163 207 159 177 175 164 138 166 194 117 136 137 131 186 102 149 142 158 162 136 143 140 175 189 175 166 155 
25 59 111 37 48 77 55 63 21 54 36 42 54 71 117 46 74 73 9 91 55 81 32 88 70 37 53 63 82 41 78 59 75 88 55 57 22 61 67 92 11 68 89 51 63 39 40 63 30 38 53 39 80 44 43 97 30 12 21 47 103 73 84 53 81 34 94 60 58 10 62 0 22 30 92 91 60 51 80 93 59 71 60 29 83 37 80 56 27 31 84 67 101 57 53 62 57 2 68 65 48 33 98 62 64 80 82 41 48 101 42 43 44 98 70 100 40 19 21 53 53 46 47 52 52 83 29 21 
7 77 128 15 59 59 33 88 36 73 14 50 62 49 136 47 76 74 34 86 77 83 57 99 78 62 31 58 72 19 79 37 54 113 40 74 30 69 45 87 24 76 100 58 84 47 58 49 20 56 39 56 75 45 21 92 48 34 46 42 111 51 62 75 82 12 119 79 83 32 84 88 0 38 70 104 38 29 59 94 37 89 77 37 94 34 88 34 17 50 109 68 104 68 76 81 47 24 46 55 26 52 114 87 79 97 93 56 51 79 20 21 22 76 91 114 65 27 43 78 55 28 25 74 74 79 51 40 
42 123 163 92 105 48 94 102 82 121 84 59 24 100 167 61 114 88 111 124 82 112 87 101 87 137 105 96 94 93 93 81 123 119 65 109 76 78 122 118 59 122 127 120 53 93 48 111 87 102 108 103 76 96 98 130 94 101 123 125 90 90 113 142 56 118 126 92 153 99 75 102 124 0 70 122 99 98 88 108 117 135 106 83 96 85 67 103 84 98 125 82 139 114 145 112 114 91 120 98 150 83 153 102 116 135 109 102 86 148 103 91 91 76 129 116 95 36 100 108 81 63 94 84 141 114 118 88 
67 87 138 63 80 56 81 49 57 83 86 84 54 70 136 42 47 69 72 117 12 54 90 48 68 100 65 89 48 60 44 88 79 49 27 84 51 59 70 118 74 97 119 50 83 68 73 41 40 77 45 78 6 40 46 65 69 54 84 104 132 52 62 95 77 48 116 102 89 52 104 63 76 72 0 124 86 77 91 59 68 73 87 58 115 54 109 82 37 60 106 63 139 68 82 91 67 44 80 75 102 62 135 83 52 68 39 74 90 80 82 58 70 6 62 63 98 61 63 110 11 88 73 94 84 50 71 50 
7 88 130 64 73 57 79 50 58 73 74 24 55 65 78 43 48 70 73 66 13 55 51 49 52 101 66 82 49 61 45 89 80 50 28 85 52 43 71 37 24 98 120 51 84 69 74 42 41 78 46 79 7 41 47 66 70 55 85 105 133 53 63 96 78 49 25 103 81 53 84 64 73 73 1 0 84 78 92 60 69 74 71 59 108 50 110 39 38 61 15 64 104 69 83 81 68 45 41 63 99 63 117 84 32 69 40 74 51 81 83 59 71 7 19 64 59 1 60 72 12 28 74 95 85 51 72 51 
61 64 128 59 22 110 77 63 68 101 83 78 68 93 164 86 139 99 115 117 91 146 58 62 50 110 75 89 109 63 118 92 98 88 45 88 69 97 89 118 63 115 131 87 97 86 97 93 64 95 83 96 90 84 65 120 87 48 107 100 150 66 106 89 100 94 98 96 130 46 98 106 90 66 114 127 0 73 128 133 95 128 69 76 57 73 127 25 61 78 88 107 116 31 120 109 87 38 90 95 116 80 124 127 111 131 118 60 84 123 78 88 66 102 92 77 66 55 57 79 72 79 69 88 88 127 65 68 
70 73 128 68 31 71 4 72 77 110 49 87 54 59 161 40 85 67 69 71 83 92 67 71 50 97 70 43 63 58 72 92 49 97 54 88 78 41 93 72 71 124 85 68 83 75 78 59 55 98 49 95 91 38 74 77 90 57 81 27 120 69 72 89 75 63 98 50 69 55 105 60 82 30 89 134 9 0 94 87 22 85 69 85 66 46 97 34 52 87 88 61 125 40 86 96 82 47 76 90 82 77 109 73 83 106 103 69 88 82 5 56 32 95 92 86 75 64 66 64 26 88 35 97 97 81 74 77 
92 69 121 117 112 88 85 82 106 135 104 109 74 97 198 101 143 120 94 107 132 150 84 151 117 122 125 79 124 113 133 71 85 107 106 67 107 122 107 108 96 153 170 78 103 123 45 73 60 43 63 49 126 99 83 113 40 97 106 122 116 112 110 125 106 119 123 75 136 95 125 85 107 50 120 144 90 95 0 148 104 81 70 114 146 98 117 100 81 112 136 122 133 121 100 110 87 87 112 95 133 114 145 140 119 164 141 126 80 118 100 111 88 126 140 166 92 86 106 100 107 57 91 134 137 117 114 106 
22 28 108 4 46 74 22 77 23 49 28 39 65 38 112 36 9 63 64 89 57 16 53 81 30 68 7 61 56 8 60 47 43 94 16 62 17 21 34 90 39 63 103 35 57 34 14 38 9 43 28 44 51 34 10 71 35 23 52 45 98 27 24 64 71 39 78 68 62 21 73 77 77 41 59 93 27 18 54 0 40 76 49 24 81 23 75 23 6 26 68 57 105 55 65 57 36 13 22 44 98 28 76 66 20 30 55 43 59 68 23 35 11 65 24 96 61 16 32 74 44 43 14 63 46 18 40 16 
50 131 171 100 113 56 102 95 90 115 92 67 32 39 170 69 94 62 109 49 90 101 95 94 93 121 108 21 95 96 88 89 123 120 73 117 84 86 130 50 67 130 135 63 61 101 56 119 87 110 116 111 84 84 106 55 102 88 105 101 98 70 52 67 64 95 134 100 78 86 83 107 122 8 78 130 107 106 96 103 0 103 112 91 104 76 75 111 84 92 131 90 147 88 120 115 114 78 54 106 148 86 87 82 61 115 83 110 94 156 79 94 99 84 109 109 103 44 73 42 58 71 102 92 128 59 105 96 
70 134 171 110 124 122 128 133 118 71 113 87 91 128 134 69 112 91 86 156 122 119 109 145 111 114 113 128 137 114 91 113 106 158 97 117 112 102 101 131 87 158 159 132 85 129 93 140 104 91 130 116 116 67 113 152 107 122 98 124 157 98 127 145 99 111 157 124 135 120 99 110 99 117 113 188 102 124 133 106 115 0 130 119 159 56 134 106 112 48 147 90 167 133 130 79 131 112 128 112 108 50 175 110 123 133 86 138 114 139 119 120 117 119 127 160 117 64 128 130 124 91 120 116 149 121 121 120 
81 84 93 79 42 82 15 83 88 121 60 98 88 70 184 70 123 97 80 93 94 130 78 82 61 108 81 65 74 69 102 98 75 108 65 94 89 52 104 94 82 135 135 79 105 86 95 70 66 109 60 106 110 68 85 99 101 68 92 77 166 86 83 109 105 74 109 61 119 66 118 71 93 80 119 147 20 50 100 117 72 135 0 96 77 57 143 45 63 98 99 91 136 51 97 107 93 58 96 101 93 100 131 111 61 144 114 80 99 100 55 67 43 113 103 97 86 75 77 86 37 99 46 108 108 59 85 88 
61 40 92 76 22 69 56 53 75 101 75 78 45 68 164 72 77 91 65 78 72 84 58 62 50 93 92 50 86 80 104 42 56 78 45 38 69 89 78 79 63 39 131 49 74 10 21 44 36 19 34 20 90 70 54 84 11 48 77 79 74 66 81 89 77 90 98 46 107 46 96 56 78 21 91 106 61 52 61 119 74 52 41 0 57 73 51 59 57 78 88 93 81 31 71 81 63 38 83 71 104 80 116 111 88 98 99 94 84 89 57 82 64 97 88 77 66 55 57 71 78 75 67 88 73 86 65 68 
29 108 111 40 85 81 58 6 69 96 47 46 11 66 159 39 92 64 58 101 39 99 81 5 71 86 54 83 58 42 71 61 76 31 52 57 63 65 70 102 46 90 114 72 40 80 80 66 45 78 56 79 33 37 46 92 79 48 70 75 125 9 79 100 43 45 119 79 107 54 62 49 33 57 57 117 63 54 92 86 70 87 90 70 0 26 102 59 42 73 109 60 126 52 93 103 30 49 69 38 59 75 89 80 100 113 66 56 73 104 53 40 47 63 107 20 31 23 57 44 68 50 42 71 88 98 76 63 
44 88 115 64 76 96 82 77 78 95 88 97 82 98 167 13 66 40 73 118 71 73 93 106 55 101 67 90 86 68 45 65 50 102 48 61 72 46 94 119 61 118 150 87 88 89 74 98 48 98 88 99 65 11 70 96 90 76 85 105 148 42 81 117 48 70 103 115 122 65 123 64 86 77 62 132 87 78 102 60 69 131 74 79 111 0 125 77 66 81 93 34 128 85 117 112 75 66 82 83 112 83 124 54 77 87 98 94 88 83 83 91 71 68 81 121 101 74 85 107 73 65 74 107 103 75 93 71 
43 79 113 25 70 95 43 103 57 74 49 60 86 59 133 57 101 84 87 110 66 108 88 102 74 89 41 82 35 29 89 88 64 103 50 84 51 79 55 51 60 97 124 68 94 68 77 59 30 75 49 66 60 55 31 102 69 44 73 66 23 61 72 85 92 60 80 89 95 42 94 98 100 62 54 55 48 39 94 104 61 110 87 58 103 44 0 44 27 60 70 78 133 55 86 91 57 34 55 65 119 62 135 98 82 122 93 61 80 89 44 56 32 60 74 117 96 37 53 103 65 64 35 84 84 80 61 50 
52 107 147 34 79 92 52 120 66 92 58 69 95 68 155 66 119 93 96 119 96 126 108 119 97 98 50 91 84 38 98 97 73 137 59 93 60 88 64 120 69 106 133 77 103 77 86 68 39 84 58 75 94 64 40 111 78 53 82 75 139 70 81 94 101 69 145 98 105 51 103 107 109 71 89 123 57 48 103 113 70 119 96 67 114 53 116 0 36 69 135 87 91 88 95 100 66 43 65 74 128 71 144 107 105 136 112 35 89 98 53 65 41 95 111 134 116 46 62 112 47 73 44 93 93 123 70 59 
30 105 132 81 90 82 99 94 88 112 96 47 59 71 165 30 83 57 84 97 60 90 107 96 72 79 72 69 55 85 62 82 67 102 60 78 82 63 111 98 47 128 100 42 68 99 83 91 3 100 93 109 82 28 87 103 100 17 96 92 103 59 84 58 65 87 112 65 100 15 67 75 82 35 79 87 104 95 119 77 66 125 91 89 123 17 80 94 0 91 102 51 106 75 124 83 30 7 87 38 92 93 135 71 94 100 87 81 53 100 70 103 88 85 75 111 115 24 26 90 86 51 91 57 57 92 34 81 
22 88 123 66 76 74 84 85 79 23 65 39 43 80 86 21 64 48 38 108 79 71 61 97 63 66 75 80 94 70 53 65 58 110 49 69 73 54 96 83 39 119 111 84 37 90 45 92 56 43 82 68 73 19 72 104 59 77 50 76 109 50 79 97 56 63 109 76 87 73 51 65 51 69 70 140 54 80 85 68 77 100 82 80 111 8 86 79 68 0 99 42 119 85 82 31 83 67 82 64 77 2 127 62 75 85 106 99 66 91 71 72 73 76 79 112 69 16 80 82 81 43 76 68 101 73 73 72 
19 131 157 58 91 71 64 67 90 116 59 81 72 85 172 75 96 77 81 51 56 103 36 92 95 109 74 67 90 62 88 97 97 75 71 103 84 100 88 52 36 130 134 85 93 101 93 92 63 91 82 99 102 73 64 101 102 77 93 99 150 94 98 113 85 72 10 99 80 49 69 72 60 69 99 130 69 72 99 103 94 81 114 91 126 62 136 24 60 93 0 76 115 90 119 93 90 67 56 98 86 88 102 84 60 117 83 59 63 88 77 66 65 14 4 107 44 58 75 57 71 40 68 91 117 58 94 83 
62 105 81 84 74 106 87 43 64 90 102 83 48 103 153 76 32 93 95 138 52 39 79 88 53 104 91 110 79 79 83 31 110 68 34 27 58 44 101 131 79 104 147 58 77 75 86 91 82 84 85 85 46 74 86 105 76 64 88 125 139 92 47 105 80 65 101 111 125 62 99 86 103 81 50 143 92 98 82 98 107 117 72 65 109 63 116 67 79 67 91 0 146 83 102 98 67 54 90 75 129 69 118 20 43 53 78 60 100 130 103 77 91 56 47 103 87 60 73 73 61 83 79 104 69 41 81 57 
37 86 132 19 64 89 37 99 45 71 43 54 80 53 134 51 104 78 81 104 81 111 86 104 82 83 35 76 76 23 83 82 58 122 15 78 39 73 49 105 54 85 98 62 81 56 67 53 24 65 43 60 79 49 25 89 57 38 67 60 120 55 66 79 86 54 130 83 90 36 88 92 94 56 74 108 42 33 88 98 55 98 81 46 99 38 97 38 21 48 120 72 0 73 80 79 51 28 50 59 113 50 123 92 88 121 97 65 74 76 38 50 26 80 96 119 94 31 47 97 59 58 29 78 78 108 55 38 
30 85 97 95 40 79 53 81 44 70 98 47 59 87 133 55 108 82 84 97 60 115 76 80 19 79 71 69 87 59 87 61 92 72 14 57 38 66 116 98 47 84 100 56 68 55 66 89 35 64 79 65 103 53 92 89 56 17 96 92 119 84 100 58 90 90 67 65 100 15 67 75 97 35 97 96 58 88 106 102 66 97 38 45 75 42 96 81 32 47 57 76 106 0 116 78 62 7 86 70 123 49 98 96 87 100 87 64 53 125 70 57 81 71 61 95 84 24 26 90 75 48 84 57 57 97 34 37 
35 82 122 46 62 76 64 95 41 67 4 81 52 80 130 54 43 81 65 117 75 50 88 102 64 93 25 89 90 13 86 68 85 112 34 68 35 55 76 116 52 81 131 69 81 52 63 74 51 61 64 50 69 52 52 89 53 65 77 73 88 45 58 76 84 43 112 88 80 63 93 98 31 28 98 113 69 60 49 101 68 94 71 42 97 52 65 65 48 44 102 75 113 71 0 10 71 55 40 79 57 46 119 84 54 64 89 61 60 110 51 11 53 104 58 117 96 58 74 109 73 56 56 105 80 52 52 34 
25 98 132 36 75 77 54 105 57 94 35 71 83 70 156 68 33 95 55 107 68 40 78 104 54 83 52 79 80 40 84 58 75 130 61 92 51 45 66 106 42 97 121 59 81 68 79 70 41 77 60 77 96 66 42 100 69 55 67 63 78 72 48 66 103 33 102 100 91 53 105 103 21 59 91 110 59 50 80 99 58 110 73 58 110 55 55 55 38 71 92 89 103 84 97 0 68 45 51 76 47 72 135 95 44 54 79 77 50 100 41 42 43 97 48 119 86 48 64 99 73 46 46 95 70 42 42 61 
59 113 165 67 95 70 85 126 72 125 66 102 114 41 188 88 114 115 86 138 102 121 105 135 123 114 83 110 124 71 90 76 106 139 88 111 66 121 97 139 76 112 152 65 136 83 66 75 72 92 65 93 96 86 73 144 84 86 98 94 147 72 54 127 123 64 144 119 135 84 136 109 52 90 122 156 90 81 106 105 89 125 114 73 130 86 124 86 69 102 157 109 115 104 102 92 0 76 98 8 62 104 150 129 115 135 85 92 62 131 72 73 74 128 129 150 113 79 95 126 104 39 77 126 126 123 103 92 
23 123 138 88 83 75 102 90 83 109 104 40 52 80 167 48 101 75 77 90 53 108 100 89 68 72 97 62 80 92 80 100 85 95 53 96 77 59 118 91 40 123 93 49 61 94 76 84 28 93 86 104 96 46 94 96 95 10 89 85 118 77 93 51 83 84 114 58 93 8 60 68 90 28 90 89 100 102 116 95 59 118 87 84 118 35 95 88 25 86 104 69 99 92 121 76 55 0 95 63 116 88 128 89 102 93 80 103 46 118 63 96 95 96 68 104 108 17 19 83 101 44 98 50 50 100 27 76 
68 95 147 106 93 117 66 67 82 108 45 85 72 121 132 80 56 107 112 133 68 63 103 104 77 140 66 105 103 54 100 97 111 92 58 93 76 68 125 132 84 122 147 82 101 93 76 99 91 74 89 75 62 81 102 49 66 88 124 89 104 86 71 103 104 53 125 101 40 86 78 110 98 69 74 105 71 62 90 115 84 65 96 83 128 70 81 91 103 85 115 101 151 102 126 77 91 78 0 99 124 48 160 44 67 77 95 84 98 144 67 52 94 80 71 119 111 62 97 124 85 89 97 128 93 65 79 75 
86 125 181 68 113 138 86 128 100 126 92 103 129 33 189 80 106 107 110 153 94 113 97 130 127 132 84 125 125 72 82 91 107 131 93 127 94 118 98 154 103 140 167 57 137 111 58 102 73 118 92 109 88 78 74 145 112 87 116 109 173 64 46 128 115 103 136 132 139 85 137 101 123 105 123 157 91 82 98 97 104 153 130 101 148 87 150 87 70 103 149 101 176 122 129 134 100 77 99 0 142 105 163 121 117 127 77 120 123 132 87 99 75 129 121 145 105 80 96 118 108 107 78 127 127 115 104 93 
72 51 103 87 33 80 67 64 10 112 86 89 56 79 158 83 88 102 76 89 83 95 69 73 61 104 96 61 79 91 78 14 67 89 56 49 4 100 82 90 74 50 142 60 85 21 32 55 47 30 45 31 90 81 58 95 22 59 88 90 85 77 92 99 88 79 109 57 100 57 107 67 89 32 102 117 72 63 72 93 77 63 52 11 68 84 62 70 68 89 99 104 92 42 82 83 72 49 60 80 0 91 88 104 53 109 110 30 95 100 68 93 75 108 99 88 77 66 68 82 42 86 78 99 84 97 76 79 
20 119 143 65 86 72 83 96 86 123 64 37 101 78 84 76 62 103 84 128 81 69 107 95 65 97 81 100 109 69 108 87 104 118 90 103 80 56 95 129 37 126 149 88 110 97 100 99 70 98 89 99 75 74 71 129 90 84 81 92 107 51 77 95 111 62 107 125 118 82 134 127 50 88 120 139 88 79 109 123 87 131 84 87 121 63 84 84 67 100 97 97 117 95 126 29 97 74 80 62 76 0 163 117 73 83 108 106 64 129 70 71 72 111 77 110 115 14 78 118 102 41 75 124 99 71 71 90 
54 109 138 36 81 106 54 72 68 94 60 71 77 70 145 65 91 92 95 121 35 98 63 71 60 100 52 93 93 40 67 57 75 72 50 95 62 90 66 109 71 108 135 79 105 79 24 70 41 86 60 77 29 63 42 88 80 55 84 77 141 5 83 96 100 71 102 100 107 53 105 86 99 73 91 125 59 50 64 82 72 121 79 69 116 55 118 55 38 71 98 86 144 90 97 90 68 45 67 76 125 61 0 103 102 112 62 88 91 100 55 67 43 97 102 86 71 48 64 84 76 75 46 95 95 100 72 61 
42 85 111 77 54 86 67 23 44 70 82 63 28 83 133 56 12 83 75 118 32 19 59 68 33 103 71 90 59 59 63 75 90 48 14 71 38 24 81 119 59 84 127 38 57 55 66 71 62 64 65 65 26 54 66 85 56 44 87 113 119 72 27 85 60 45 81 91 110 42 79 66 83 61 30 123 72 91 62 78 87 97 52 45 89 43 96 47 59 47 71 77 126 63 82 78 47 34 70 55 109 49 122 0 23 33 58 40 80 110 96 57 84 36 27 83 67 40 53 80 41 63 59 84 49 21 61 37 
85 103 155 105 114 74 119 116 91 117 63 102 108 126 180 85 102 112 124 141 115 109 113 131 97 134 75 113 58 72 117 105 119 141 84 101 85 114 135 142 97 131 155 97 108 102 84 107 58 82 97 83 119 83 111 116 74 72 136 132 147 95 117 113 120 66 145 109 130 70 122 119 90 84 134 142 124 119 108 132 121 115 104 92 126 72 124 124 55 94 135 106 161 78 59 69 85 62 90 93 116 96 169 121 0 123 142 84 108 103 110 70 112 140 117 146 121 79 81 134 29 106 115 112 103 111 89 84 
80 116 168 62 107 132 80 116 94 120 86 97 121 96 183 94 147 83 124 147 114 147 131 115 125 126 78 119 119 66 126 118 101 141 87 114 88 116 92 148 97 134 161 91 131 105 92 96 67 90 86 96 108 92 68 139 87 81 110 103 156 98 109 122 91 97 170 122 133 79 131 132 137 97 105 151 85 76 47 141 98 128 117 95 142 81 144 81 64 97 163 115 170 116 123 128 94 71 93 102 156 99 108 135 137 0 140 114 117 126 81 93 69 111 139 130 139 74 90 63 102 101 72 121 121 149 98 87 
34 48 105 24 66 85 42 67 43 69 48 59 61 58 132 3 29 30 33 78 61 36 56 97 50 61 27 50 76 28 5 55 40 92 36 51 37 41 53 79 35 83 113 55 77 54 34 58 29 62 48 63 55 1 29 84 54 36 45 65 118 32 44 77 38 58 98 84 82 34 86 24 46 37 52 113 47 38 74 20 29 95 69 44 101 43 95 43 26 46 88 24 118 75 77 77 56 26 42 64 72 48 96 44 40 50 0 63 72 73 43 55 31 58 44 112 64 36 45 71 63 55 34 76 66 38 53 36 
68 123 166 109 105 57 96 97 82 108 75 85 79 86 128 68 86 95 122 96 65 93 115 101 88 117 66 68 49 84 97 120 105 122 75 116 76 98 139 97 80 122 131 80 97 93 103 127 41 102 117 103 92 66 115 79 94 55 134 73 134 86 99 96 103 49 136 103 70 53 105 113 120 55 104 125 101 92 120 112 47 95 107 83 117 55 111 121 38 85 126 89 90 69 148 107 68 45 30 76 130 78 134 74 97 107 92 0 91 138 97 82 116 110 101 116 123 62 64 89 12 89 119 95 86 95 72 75 
55 128 162 63 105 107 81 99 87 121 65 56 104 97 184 92 63 119 85 137 62 70 108 98 84 113 79 109 110 67 94 88 102 99 68 122 81 75 93 136 72 127 151 89 111 98 109 97 68 107 87 104 56 90 69 115 99 82 97 93 108 32 78 96 127 63 132 127 100 80 132 113 51 89 118 140 86 77 110 109 88 125 103 88 140 82 85 82 65 98 122 113 53 114 89 30 95 72 81 103 77 100 165 104 74 84 89 107 0 127 71 72 70 124 78 113 116 75 91 129 103 76 73 122 100 72 72 88 
38 88 140 91 70 90 104 41 47 73 90 55 46 59 136 44 97 51 63 69 82 104 10 83 83 89 53 41 97 41 76 90 79 57 17 86 41 74 80 70 55 87 79 59 5 58 67 82 79 65 72 68 76 45 95 13 59 66 75 101 122 73 72 87 59 72 72 44 98 23 97 54 76 43 73 104 104 100 107 91 100 100 89 48 105 34 99 86 81 50 62 65 129 79 107 81 65 56 68 73 102 52 76 85 81 118 103 67 82 0 96 60 98 76 66 98 18 32 75 31 79 59 77 36 106 79 83 40 
66 83 137 86 116 73 104 91 89 117 104 84 49 56 156 35 80 62 77 66 79 87 87 111 101 105 89 38 108 90 67 87 44 116 70 83 90 92 116 67 79 136 80 80 78 107 73 107 54 98 110 99 86 33 92 72 90 80 89 22 115 64 69 84 70 92 149 105 64 78 100 68 90 25 84 129 109 100 113 82 17 80 120 97 121 93 92 95 88 99 139 56 150 105 121 101 81 70 71 89 116 72 104 68 78 101 100 108 110 77 0 111 93 90 95 126 95 61 89 59 75 87 96 97 117 76 97 89 
55 71 111 65 51 65 75 84 30 56 74 72 41 99 119 48 85 75 60 109 64 92 83 91 79 88 14 81 99 2 80 61 75 101 23 57 24 87 95 110 62 70 140 68 70 41 52 63 67 50 53 39 58 46 71 78 42 77 72 98 105 34 100 118 73 33 127 77 69 75 82 87 73 17 87 102 80 79 92 95 97 83 60 31 86 41 82 84 67 33 117 69 112 60 90 64 60 67 29 68 99 35 108 73 60 106 91 50 99 108 84 0 72 93 100 106 91 49 86 102 62 76 75 101 104 58 94 23 
45 71 124 46 38 78 11 79 54 80 17 62 61 27 143 27 80 54 75 78 85 87 67 78 57 103 38 50 70 26 59 74 32 96 47 70 48 48 61 79 62 94 92 36 62 43 52 27 51 74 17 63 79 25 52 70 66 64 87 34 127 56 40 96 62 57 105 57 76 62 106 66 85 37 76 126 16 7 62 74 29 92 76 55 73 14 104 12 48 57 95 48 103 47 54 64 78 54 53 86 89 59 116 68 84 101 71 47 56 57 12 24 0 82 95 93 75 39 73 71 33 66 3 93 104 82 81 47 
86 136 188 126 118 120 144 115 95 135 109 103 108 133 198 111 112 125 135 143 116 119 84 139 115 135 93 115 76 115 107 138 148 131 91 134 89 122 154 144 103 135 153 112 79 106 117 134 91 115 124 116 126 109 132 87 107 73 147 148 160 113 127 114 133 112 146 118 148 71 123 126 136 84 130 152 149 140 85 122 122 67 134 96 134 98 147 145 88 112 136 132 162 96 105 115 118 63 108 126 162 114 150 100 46 133 143 102 109 74 126 116 133 0 127 154 92 80 82 105 75 107 136 110 113 44 90 102 
15 127 167 54 99 67 72 63 86 112 55 77 68 81 175 71 122 73 77 91 104 129 32 105 105 105 70 63 104 58 103 93 93 88 79 113 80 96 84 92 32 126 130 81 97 97 89 88 59 87 78 95 98 69 60 97 98 73 89 95 146 90 94 109 81 68 94 95 120 45 119 68 56 65 95 126 77 68 100 118 90 139 116 87 134 58 132 20 56 89 84 92 111 108 115 89 86 63 85 94 82 91 98 112 103 143 125 55 59 118 73 62 61 98 0 120 40 54 82 53 67 36 64 87 113 101 90 79 
20 90 129 28 72 72 46 70 49 86 27 63 75 62 149 27 80 54 47 81 57 87 70 93 91 75 44 71 85 32 59 50 64 94 53 75 43 82 58 82 37 70 113 71 97 60 71 62 33 69 52 69 51 25 34 85 61 47 59 55 105 27 75 88 62 25 132 92 96 45 97 78 13 51 76 117 51 42 72 74 50 102 90 50 107 47 82 47 30 63 122 48 112 81 89 94 60 37 59 68 39 65 105 68 91 101 84 36 64 92 33 34 35 82 95 0 47 40 56 60 48 41 38 87 87 89 64 53 
38 100 153 80 104 90 98 23 86 113 102 55 28 83 176 56 102 33 75 105 64 97 88 65 83 103 71 77 79 59 88 82 61 48 69 104 80 74 110 106 55 126 108 41 57 97 49 83 64 47 73 96 58 54 86 107 96 65 87 113 106 63 96 112 41 90 127 73 124 23 79 66 88 43 55 104 103 94 89 103 112 104 102 87 139 43 110 99 82 90 119 77 135 69 110 112 47 61 86 55 109 92 58 97 101 123 91 105 82 94 99 57 87 61 117 80 0 32 74 13 66 59 59 65 105 99 88 80 
6 137 129 107 72 58 85 103 106 132 94 23 99 64 177 62 113 89 122 114 112 102 108 102 51 147 115 86 135 103 94 93 99 128 76 89 100 42 137 115 23 143 152 88 128 117 89 140 92 126 130 127 106 60 113 120 118 85 134 136 158 82 77 132 97 113 99 131 143 96 148 113 101 116 111 160 90 109 129 109 118 159 70 107 107 49 135 73 89 109 89 83 103 81 139 80 119 88 119 62 127 93 149 103 106 134 108 108 50 132 114 101 113 103 93 117 116 0 64 104 107 27 116 138 125 104 115 99 
89 105 157 122 87 134 121 108 64 90 132 106 110 133 153 82 127 109 105 143 71 134 123 107 115 133 91 115 133 79 103 107 119 133 34 103 58 121 136 144 106 104 178 114 104 75 86 109 101 84 99 85 134 80 112 149 76 113 117 143 139 111 142 153 117 110 163 111 146 111 116 121 118 86 131 171 121 117 126 118 127 117 106 65 122 75 116 124 119 67 153 103 146 96 136 98 126 103 106 131 144 69 142 123 107 148 98 84 133 152 122 77 129 137 142 122 131 83 0 103 96 110 132 135 138 135 130 57 
71 126 158 67 112 98 85 53 96 122 91 88 58 72 178 81 89 20 105 138 51 84 94 52 105 120 83 110 66 71 83 88 106 78 66 104 90 101 97 121 88 136 141 28 87 107 55 83 72 116 84 108 45 79 73 104 108 58 115 108 93 50 85 99 28 90 133 106 131 56 108 96 80 76 42 125 90 81 95 98 103 115 124 97 134 73 143 86 69 99 140 102 147 86 110 120 77 48 98 85 106 101 45 118 88 110 78 92 94 122 86 87 74 48 104 67 102 65 67 0 53 92 77 98 98 86 75 89 
56 111 154 105 93 45 91 111 70 96 81 73 85 97 159 56 101 83 110 123 86 108 103 110 76 105 54 95 37 90 88 108 93 128 63 104 64 89 135 124 68 110 126 68 85 81 92 115 29 90 105 91 98 54 111 118 82 43 122 118 129 74 110 84 91 37 124 91 109 41 93 101 108 61 105 113 96 119 126 103 92 123 95 71 105 43 106 120 26 73 114 77 132 57 142 104 56 33 69 64 118 75 148 97 112 122 113 63 79 126 96 88 112 111 101 125 111 50 52 116 0 77 115 83 74 110 60 63 
67 120 172 86 102 31 77 120 79 105 67 79 115 120 150 97 86 124 108 148 85 93 89 121 107 136 88 120 133 76 117 111 125 122 49 118 73 98 116 149 84 116 167 112 119 90 101 120 91 99 110 100 79 95 92 138 91 105 120 109 131 55 101 119 132 86 151 123 123 102 131 133 74 91 134 133 82 82 112 132 104 132 121 80 137 90 108 105 88 82 141 118 76 111 112 53 118 95 103 123 100 66 155 127 97 107 112 99 23 150 87 74 93 140 101 136 97 61 114 110 99 0 96 144 123 95 95 72 
55 99 121 72 87 107 90 88 84 106 55 97 93 24 178 24 77 51 72 129 82 84 88 117 66 100 76 101 97 64 56 71 61 93 59 67 83 57 102 130 72 129 150 33 99 40 49 24 59 98 14 99 76 22 78 107 90 67 84 110 139 53 37 108 59 81 114 115 121 65 117 63 82 79 73 143 95 86 89 71 80 131 85 90 122 11 116 88 74 92 104 45 139 96 51 61 86 57 91 94 108 94 135 65 88 98 68 104 99 94 91 62 79 79 92 132 96 74 76 109 84 76 0 107 107 86 84 82 
43 77 129 55 64 95 70 81 39 72 54 60 72 30 135 34 85 53 27 40 73 92 50 85 84 53 71 12 99 59 66 77 71 106 69 75 40 79 85 41 29 86 43 54 81 57 55 46 48 56 36 57 78 32 61 46 48 30 39 65 121 61 43 58 61 52 112 8 69 28 80 18 40 48 75 109 75 69 91 81 75 89 65 47 99 55 98 58 45 49 102 55 119 73 71 80 75 20 45 83 66 51 78 73 52 87 74 59 66 104 60 61 62 81 88 100 58 37 39 33 71 64 65 0 70 50 47 39 
78 94 146 97 72 123 92 107 53 79 87 95 99 72 142 71 98 95 69 82 115 105 77 112 100 95 80 54 122 68 103 71 108 132 23 92 47 110 125 83 65 93 85 96 11 64 38 88 60 43 78 74 120 69 101 88 65 72 81 107 116 100 85 100 103 34 77 50 111 70 105 60 82 75 117 118 50 88 78 118 110 106 95 54 107 64 105 75 74 56 67 92 135 81 113 87 87 62 87 95 108 58 120 112 94 119 110 73 108 138 93 66 81 81 71 127 85 72 81 75 85 99 84 42 0 92 89 46 
42 92 144 82 74 76 100 105 51 119 65 59 64 99 182 67 87 94 91 109 72 94 110 108 87 91 77 81 60 74 63 94 104 114 72 90 45 78 112 110 59 91 112 68 80 62 73 90 47 71 80 72 115 65 88 115 63 29 103 104 126 96 102 70 96 68 118 77 112 27 79 82 92 40 109 108 105 96 41 78 78 104 93 52 109 54 103 101 44 96 123 88 118 80 61 71 74 19 92 82 118 98 129 108 2 108 99 71 65 105 82 72 89 115 87 123 118 36 38 102 31 63 92 69 69 0 46 86 
74 100 142 77 85 97 95 63 71 97 84 75 68 80 160 56 82 83 86 90 26 89 109 62 64 78 80 62 129 81 58 102 80 88 41 98 65 94 106 91 88 111 116 104 97 82 81 104 82 79 94 80 75 54 82 96 71 89 62 58 127 51 93 24 91 82 112 106 99 87 119 77 70 49 105 159 100 91 113 73 41 112 83 72 120 82 104 96 79 74 102 77 72 94 108 49 87 79 95 95 96 76 128 97 93 66 53 91 19 108 36 84 84 111 97 77 117 80 98 83 99 95 87 119 119 91 0 64 
32 48 100 76 30 77 64 61 7 33 75 49 53 76 96 25 74 52 48 86 80 81 66 70 58 76 79 58 76 80 57 50 62 86 53 46 1 64 79 87 49 47 121 57 47 18 29 52 44 27 42 28 77 23 55 92 19 56 60 86 82 54 89 96 60 73 106 54 97 54 59 64 61 29 74 114 64 60 69 72 74 60 49 8 65 18 59 67 65 10 96 46 89 39 79 41 69 46 57 74 87 12 85 66 50 95 107 27 76 95 65 82 72 80 89 85 74 26 65 79 39 53 75 78 81 83 73 0 
