0 620 606 604 613 651 658 492 557 678 537 653 453 444 644 507 
458 0 214 435 331 267 274 318 388 444 363 33 308 299 470 326 
351 124 0 328 117 375 279 104 281 402 149 157 223 407 256 112 
262 187 192 0 180 47 54 127 192 313 172 96 88 79 279 142 
280 7 12 257 0 274 281 116 210 331 161 40 106 306 268 124 
215 208 194 192 201 0 7 80 145 266 125 49 41 32 232 95 
437 369 374 414 362 461 0 190 367 488 235 402 468 493 342 256 
247 319 226 224 343 271 175 0 177 298 45 320 312 303 152 265 
70 142 49 47 166 94 101 153 0 121 198 143 135 126 305 161 
320 135 140 297 128 344 351 244 250 0 289 168 234 376 390 252 
567 416 421 544 409 389 130 320 497 453 0 438 430 421 190 303 
627 546 551 604 539 651 658 655 557 411 700 0 645 683 801 663 
174 167 153 151 160 198 205 39 104 225 84 200 0 230 191 54 
183 176 162 160 169 207 214 48 113 234 93 209 9 0 200 63 
499 226 231 476 219 493 500 335 429 550 380 259 325 525 0 113 
386 113 118 363 106 380 387 222 316 437 267 146 212 412 374 0 
