0 8 7 8 8 8 6 1 8 9 5 5 6 7 2 9 
4 0 6 2 2 7 4 1 4 1 5 5 4 4 2 3 
5 11 0 6 4 6 2 6 4 8 2 3 4 5 7 7 
5 11 4 0 4 5 2 6 2 11 6 7 7 2 7 9 
6 11 7 5 0 8 7 3 7 8 7 3 4 5 4 7 
11 11 11 7 5 0 9 8 5 8 11 8 9 9 9 11 
3 11 2 4 2 8 0 4 2 9 4 5 5 6 5 9 
3 7 6 7 7 8 5 0 7 8 4 8 6 7 1 11 
7 11 6 2 3 7 4 6 0 11 8 6 7 4 7 7 
6 4 5 1 5 6 3 5 3 0 7 4 4 3 2 7 
7 11 6 6 5 8 4 8 6 9 0 4 5 6 9 8 
6 9 6 6 3 5 4 6 4 5 8 0 1 2 7 4 
5 8 5 5 2 4 3 5 3 4 7 5 0 1 6 6 
5 11 4 6 2 3 2 5 4 9 6 5 6 0 6 9 
5 6 5 8 6 11 4 6 6 7 7 8 9 7 0 9 
8 9 7 6 5 5 5 8 7 8 9 8 9 3 3 0 
