0 8 7 8 8 8 6 1 8 9 5 5 6 7 2 9 
11 0 11 11 2 11 5 1 11 1 5 10 4 11 4 3 
8 11 0 6 11 6 2 8 11 11 2 3 4 11 11 8 
9 11 10 0 11 5 2 6 2 11 11 11 10 2 11 10 
11 11 7 5 0 11 11 3 11 8 11 3 5 6 11 10 
11 11 11 11 5 0 11 10 5 8 11 11 11 11 11 11 
3 11 2 11 2 11 0 4 2 11 11 11 5 11 11 9 
3 11 10 7 11 8 11 0 7 11 4 11 6 11 1 11 
7 11 6 2 3 7 4 6 0 11 11 6 7 4 7 7 
11 4 11 1 11 11 11 11 11 0 11 4 4 11 2 11 
11 11 11 6 5 8 4 11 6 11 0 4 11 11 11 11 
11 11 6 6 11 11 11 11 11 11 10 0 1 11 11 4 
5 9 11 11 2 11 7 6 3 4 11 9 0 1 11 6 
8 11 7 9 2 3 2 11 11 9 11 11 11 0 11 11 
5 6 5 9 11 11 4 11 11 7 7 11 11 7 0 11 
11 11 11 6 11 5 11 11 9 8 9 11 11 3 3 0 
