0 11 11 11 11 11 11 11 11 11 11 11 11 11 11 11 
11 0 11 11 11 11 11 11 11 11 11 11 11 11 11 11 
11 11 0 11 11 11 11 11 11 11 11 11 11 11 11 11 
11 11 11 0 11 11 11 11 11 11 11 11 11 11 11 11 
11 11 11 11 0 11 11 11 11 11 11 11 11 11 11 11 
11 11 11 11 11 0 11 11 11 11 11 11 11 11 11 11 
11 11 11 11 11 11 0 11 11 11 11 11 11 11 11 11 
11 11 11 11 11 11 11 0 11 11 11 11 11 11 11 11 
11 11 11 11 11 11 11 11 0 11 11 11 11 11 11 11 
11 11 11 11 11 11 11 11 11 0 11 11 11 11 11 11 
11 11 11 11 11 11 11 11 11 11 0 11 11 11 11 11 
11 11 11 11 11 11 11 11 11 11 11 0 11 11 11 11 
11 11 11 11 11 4 11 11 11 11 11 11 0 11 11 11 
11 11 11 11 11 11 11 11 11 11 11 11 11 0 11 6 
11 11 11 1 11 11 11 11 11 11 11 11 11 11 0 11 
11 11 11 11 11 11 11 11 11 11 11 11 11 11 11 0 
