0 442 133 173 347 288 169 341 345 268 159 3 406 301 214 203 233 71 299 74 259 287 229 323 98 265 119 239 255 431 219 241 
295 0 427 468 362 455 232 424 354 297 222 298 402 310 388 61 363 366 264 369 51 340 359 329 393 230 141 205 220 437 357 270 
324 398 0 443 326 201 251 265 307 247 255 273 539 296 456 369 157 341 401 316 359 353 241 341 11 443 389 218 440 449 461 220 
530 516 459 0 454 436 449 414 432 375 439 422 480 395 584 457 429 482 342 490 447 330 425 366 470 308 468 453 298 474 262 348 
188 328 228 361 0 241 107 195 258 21 97 191 323 155 230 371 87 236 257 239 361 244 83 115 239 281 307 177 271 223 235 258 
213 353 79 377 125 0 50 199 226 46 122 207 338 107 255 168 112 200 200 200 158 152 108 140 44 306 323 17 296 248 260 19 
300 324 296 335 248 375 0 234 176 178 209 242 288 239 267 332 199 289 150 299 322 205 195 249 307 280 276 70 270 357 272 151 
296 371 249 178 296 279 166 0 224 317 205 8 411 31 433 247 130 76 316 247 237 120 215 411 260 383 124 236 406 394 438 298 
253 400 256 159 72 313 172 234 0 93 162 242 395 227 302 201 159 250 322 123 191 150 155 187 267 353 117 242 343 255 307 290 
167 307 207 340 225 220 86 174 237 0 76 170 374 134 209 350 66 215 236 218 340 223 62 94 218 260 286 156 250 202 214 237 
91 334 224 264 258 379 10 244 186 188 0 94 298 249 277 294 209 162 160 165 332 215 205 259 189 290 210 80 280 367 282 161 
288 439 421 170 435 537 207 441 383 317 197 0 403 388 474 266 383 68 357 362 256 412 379 411 386 435 116 277 425 519 432 358 
235 36 25 247 163 226 154 280 91 184 144 238 0 201 393 97 172 98 1 59 87 241 168 278 36 131 127 224 121 346 244 171 
289 340 218 351 265 324 135 173 193 286 198 181 423 0 402 216 99 249 285 316 206 89 184 380 229 352 297 205 375 363 407 286 
236 259 202 331 197 179 155 157 175 118 145 165 223 179 0 200 172 225 85 233 190 73 168 109 213 51 211 196 41 217 5 91 
403 377 366 449 301 456 322 389 293 236 312 397 341 297 445 0 302 343 203 390 394 364 298 330 377 169 329 392 159 438 296 209 
251 241 357 286 404 387 195 108 332 353 185 116 483 139 371 302 0 184 345 325 292 228 323 444 349 286 232 265 329 502 376 326 
416 556 438 571 474 469 335 423 479 249 325 401 566 383 458 225 315 0 428 467 215 472 311 343 403 394 517 369 384 451 463 434 
298 174 163 246 162 364 217 324 90 183 207 301 138 200 392 201 249 140 0 197 191 240 245 277 174 130 126 287 120 345 257 170 
176 419 309 349 273 376 95 329 271 194 85 179 383 255 362 352 260 127 245 0 342 300 256 288 274 375 295 165 365 396 367 167 
413 387 376 459 311 404 187 373 303 246 322 381 351 307 337 10 312 353 213 400 0 289 308 278 387 179 339 154 169 386 306 219 
200 340 129 262 266 330 119 84 295 287 109 92 407 115 386 127 99 160 269 274 117 0 95 368 140 263 208 189 286 476 390 270 
105 245 145 278 272 346 24 112 200 202 14 108 312 72 291 288 4 176 174 179 278 161 0 273 156 209 224 94 199 381 296 175 
300 436 205 302 131 126 176 260 143 152 209 268 400 233 324 294 218 121 262 124 284 176 214 0 170 228 260 143 218 108 329 145 
313 433 35 478 315 190 240 300 342 236 290 308 528 297 445 358 192 376 390 305 348 342 276 330 0 478 424 207 475 438 450 209 
234 261 250 333 146 287 153 220 177 67 143 228 225 128 276 288 133 227 87 221 278 195 129 161 261 0 213 223 43 269 127 40 
172 323 305 345 339 460 91 325 267 269 81 175 287 330 358 375 290 243 241 246 374 296 286 340 270 371 0 161 361 448 363 242 
333 357 264 368 281 408 33 219 209 211 242 227 321 250 300 262 232 219 183 332 252 135 228 282 275 313 309 0 303 390 305 184 
244 218 207 290 156 297 163 230 134 77 153 238 182 138 286 245 143 184 44 231 235 205 139 171 218 10 170 233 0 279 137 50 
192 328 291 194 107 348 111 269 35 128 101 195 292 248 337 236 194 13 154 16 226 185 190 222 290 120 152 181 110 0 247 160 
268 254 197 326 192 174 187 152 170 113 177 160 218 174 322 195 167 220 80 228 185 68 163 104 208 46 206 191 36 212 0 86 
194 334 234 358 106 247 113 180 264 27 103 188 401 88 236 304 93 242 263 181 294 177 89 121 245 287 304 183 277 229 241 0 
