0 134 112 84 164 122 117 18 110 110 83 134 56 173 85 94 173 95 270 84 3 87 48 49 112 73 194 95 115 71 132 57 82 181 116 112 29 162 146 28 139 102 98 19 89 40 135 102 150 25 91 43 146 29 103 67 137 120 185 199 111 60 15 59 
239 0 146 125 68 174 134 81 142 72 92 145 88 144 171 54 189 127 250 154 103 80 80 58 153 208 66 132 147 74 143 98 44 53 150 107 94 194 18 60 209 107 60 104 130 105 145 161 159 110 126 77 116 61 83 99 169 152 217 75 143 92 150 21 
211 172 0 66 137 146 5 70 64 89 64 86 16 137 219 26 127 55 222 95 75 139 8 30 94 125 135 48 71 91 84 70 131 122 4 132 81 137 149 100 150 152 143 71 91 92 146 133 131 77 43 95 164 47 55 85 74 138 173 144 71 43 67 111 
177 108 193 0 117 112 33 99 147 180 134 115 93 165 176 162 210 132 307 29 145 155 85 100 28 154 163 174 100 147 113 138 152 150 32 188 110 209 126 150 84 156 168 100 120 121 125 74 201 106 72 124 224 124 140 162 102 73 201 150 148 82 96 129 
272 181 194 96 0 207 129 100 79 168 115 116 25 169 190 124 142 64 239 125 126 169 17 81 124 155 167 135 101 159 114 97 140 154 128 80 26 146 166 120 180 39 128 101 121 37 118 170 168 107 73 125 170 56 72 91 106 168 209 176 80 52 97 135 
65 199 177 149 158 0 103 83 113 136 148 169 100 76 150 159 176 139 314 149 68 49 92 114 170 138 156 160 180 136 167 122 108 143 181 177 94 181 108 93 189 167 113 84 154 105 13 120 215 90 156 108 206 94 147 132 140 185 160 126 155 74 80 111 
306 179 210 166 132 255 0 170 211 193 181 184 157 132 257 190 253 196 277 100 192 144 149 147 99 225 130 210 171 167 184 187 165 117 198 171 158 258 197 124 155 171 239 171 191 169 141 240 233 177 143 141 242 125 204 163 69 216 281 139 212 156 167 200 
277 209 199 101 217 212 134 0 216 197 170 121 166 260 276 183 279 205 305 130 181 174 158 136 129 160 264 182 106 194 119 144 169 251 133 235 116 250 227 170 185 244 185 106 126 127 225 175 234 112 78 130 257 171 138 209 203 173 257 186 169 183 102 146 
251 137 168 124 90 186 156 128 0 151 139 142 52 90 190 148 63 91 266 58 125 102 44 105 57 183 88 162 129 125 142 124 123 75 156 129 116 91 155 82 113 88 197 129 136 127 167 198 195 135 101 99 200 83 99 121 27 147 239 97 107 79 125 158 
215 120 118 77 155 150 110 81 118 0 68 73 64 179 195 30 181 103 178 106 79 131 56 34 105 136 153 108 82 2 71 74 131 140 109 43 92 162 105 104 161 178 147 63 102 103 81 137 107 69 54 49 146 29 11 67 145 149 185 162 119 91 78 108 
198 186 195 78 172 161 111 166 118 103 0 176 64 208 155 41 181 103 278 107 11 81 56 45 106 193 188 40 123 79 174 51 75 175 110 120 155 170 140 36 162 110 79 91 83 157 158 112 67 19 150 126 154 37 111 75 145 128 193 197 98 68 163 143 
308 255 286 242 208 243 76 242 287 269 257 0 233 208 333 240 329 272 243 176 268 220 225 223 175 301 206 271 247 243 260 233 241 193 230 247 234 313 273 200 231 247 113 247 114 245 217 316 309 201 219 217 297 201 280 218 145 292 136 215 288 232 243 276 
284 156 243 170 224 219 203 181 187 143 97 197 0 231 242 99 250 172 321 199 108 178 125 103 198 236 222 137 182 138 195 143 115 209 202 179 192 121 174 95 254 169 176 149 175 203 185 206 164 116 154 174 167 96 154 134 168 187 212 231 55 27 178 177 
174 181 179 138 216 197 171 142 179 61 129 134 125 0 160 91 242 164 239 167 140 192 117 95 166 197 214 169 143 63 132 135 33 201 170 104 153 223 166 165 222 173 208 124 163 92 142 198 168 130 115 110 207 90 72 128 189 210 246 223 180 152 139 169 
102 236 214 186 195 37 140 120 150 173 128 206 137 113 0 169 213 176 351 186 105 86 129 151 207 175 193 168 217 173 204 159 145 180 218 214 131 218 145 130 226 204 150 121 164 142 50 157 195 127 193 145 243 131 184 169 177 222 197 163 192 111 117 148 
185 165 198 71 178 120 104 151 88 141 38 167 34 178 193 0 151 73 237 100 49 118 26 4 99 206 176 78 151 82 165 44 113 163 103 123 125 155 168 74 155 148 117 50 76 136 133 107 105 56 124 129 182 65 81 103 115 144 221 185 89 61 148 171 
188 180 267 194 128 123 225 151 204 167 121 155 24 199 187 123 0 192 345 223 132 171 145 127 222 260 246 161 206 162 189 167 139 233 226 66 154 145 198 119 278 25 160 173 183 157 104 230 188 140 178 198 156 120 178 77 192 84 195 249 79 51 202 121 
237 152 172 60 105 172 93 78 15 154 51 94 43 105 192 72 78 0 175 73 62 117 39 17 72 133 103 71 79 95 92 33 126 90 92 136 52 106 102 71 128 103 130 60 65 63 174 120 104 66 51 103 189 72 8 110 42 133 228 112 98 70 75 105 
231 239 278 226 139 166 259 230 218 258 245 246 148 200 129 247 281 203 0 160 234 212 156 215 159 285 198 274 231 235 244 236 230 185 258 152 165 258 257 192 215 111 246 231 251 176 179 278 307 237 203 209 242 193 211 163 137 284 281 207 203 175 227 207 
242 79 164 66 147 177 99 70 118 151 135 86 64 172 241 133 181 103 278 0 146 126 56 101 94 125 145 147 71 153 84 109 123 132 98 186 81 185 97 139 55 186 139 71 91 92 190 140 202 77 43 95 195 95 111 133 145 138 222 121 119 91 67 100 
187 186 184 152 161 156 142 170 107 147 129 171 53 197 220 91 170 92 267 137 0 205 45 95 164 182 195 111 112 68 169 125 119 182 141 109 144 159 194 25 192 99 208 141 157 146 147 198 196 147 143 115 143 26 100 64 134 117 182 204 108 57 167 195 
289 233 187 175 109 224 54 122 188 113 158 186 134 185 212 143 230 173 291 154 169 0 126 124 153 230 107 179 180 115 184 164 85 94 191 148 135 227 59 93 209 148 101 176 184 146 186 227 220 177 152 118 157 94 124 132 123 185 250 116 189 25 176 62 
270 164 219 107 152 219 140 125 62 151 98 141 8 152 239 107 125 47 222 120 109 164 0 64 119 180 150 118 125 142 139 80 123 137 139 183 99 129 149 103 175 150 177 107 112 110 193 167 151 113 98 150 156 39 55 77 89 180 195 159 63 35 122 152 
232 175 194 67 174 179 100 147 84 137 34 163 30 174 189 75 147 69 233 96 45 115 22 0 95 202 172 74 147 78 161 40 109 159 99 119 121 151 164 70 151 144 113 125 72 132 157 103 101 53 120 125 178 61 77 99 111 140 217 181 85 57 144 167 
243 80 165 67 148 178 100 71 119 152 136 87 65 168 242 134 182 104 279 1 147 127 57 102 0 126 146 148 72 154 85 110 124 133 99 187 82 186 98 140 56 187 140 72 92 93 191 141 203 78 44 96 196 96 112 134 146 139 223 122 120 92 68 101 
260 211 189 161 200 195 194 95 210 187 152 211 55 250 259 154 273 195 359 161 163 164 148 126 189 0 271 172 196 189 209 134 159 258 193 230 106 176 223 150 216 224 175 96 166 117 208 179 219 102 168 120 222 151 198 189 223 156 267 276 110 82 92 136 
274 183 196 98 2 209 131 102 81 170 117 118 27 171 192 126 144 66 241 127 128 171 19 83 126 157 0 137 103 161 116 99 142 156 130 82 28 148 168 122 182 41 130 103 123 39 120 172 170 109 75 127 159 58 74 93 108 170 211 178 82 54 99 137 
186 166 199 72 179 121 105 152 89 142 39 168 35 179 194 1 152 74 238 101 50 119 27 5 100 207 177 0 152 83 166 45 114 164 104 124 126 156 169 75 156 149 118 51 77 137 134 108 106 57 125 130 183 66 82 104 116 145 222 186 90 62 149 172 
171 202 180 152 111 106 67 86 152 178 151 59 92 182 170 151 215 175 302 152 162 155 128 117 166 141 197 163 0 180 57 125 150 184 184 191 97 188 214 187 207 150 166 87 157 108 119 170 218 93 159 111 238 167 183 202 136 67 195 206 107 119 83 127 
213 118 116 99 183 148 121 129 116 117 66 145 62 177 221 28 179 101 226 128 77 146 54 32 127 184 184 106 113 0 143 72 141 171 120 41 140 160 136 102 183 176 145 78 104 151 79 135 133 84 102 47 144 27 59 65 143 172 183 193 117 89 126 139 
197 151 206 165 137 132 78 112 178 204 132 2 118 208 196 94 241 167 245 178 143 181 120 98 177 167 208 172 26 176 0 138 176 195 144 217 123 131 169 168 233 176 115 113 116 134 145 196 199 119 185 137 264 159 175 197 147 93 138 217 50 145 109 153 
204 135 220 27 144 139 60 126 127 180 77 142 73 192 203 39 190 112 276 56 88 121 65 43 55 181 190 38 127 121 140 0 152 177 59 162 137 194 153 113 111 121 156 89 32 148 152 101 144 95 99 151 221 104 120 142 129 100 228 177 128 100 123 138 
229 148 146 105 183 164 138 109 146 28 96 101 92 180 127 58 209 131 206 134 107 159 84 62 133 164 181 136 110 30 99 102 0 168 137 71 120 190 133 132 189 206 175 91 130 131 109 165 135 97 82 77 174 57 39 95 173 177 213 190 147 119 106 136 
203 168 93 97 15 138 81 115 94 129 64 131 40 91 202 73 136 79 248 119 75 27 32 30 125 164 13 93 94 50 129 70 101 0 97 54 41 141 86 7 174 54 128 116 102 52 92 133 131 83 88 24 125 8 87 46 121 99 164 22 95 39 112 89 
307 180 211 167 133 256 1 171 212 194 182 185 158 133 258 160 254 197 278 101 193 145 150 148 100 226 131 211 172 132 185 188 166 118 0 172 159 259 198 125 156 172 240 151 192 170 142 234 234 157 144 142 243 126 191 164 70 217 169 140 213 157 168 201 
311 183 299 175 221 246 191 240 138 231 164 280 160 228 319 126 201 199 363 196 175 233 152 130 195 318 219 186 267 208 280 148 203 206 207 0 247 163 177 200 251 226 219 176 180 258 38 233 231 182 239 230 275 191 207 229 165 248 214 228 82 187 263 180 
289 191 211 113 229 224 146 92 230 185 182 133 176 272 284 195 293 215 363 142 193 186 168 148 141 172 257 194 118 187 131 156 157 244 145 228 0 262 209 218 167 268 173 118 138 11 237 187 249 124 90 142 245 207 196 245 215 185 269 198 181 195 114 134 
340 135 269 175 203 285 150 216 125 207 142 136 138 215 297 183 188 177 341 183 153 96 130 108 182 155 201 182 254 186 267 148 179 188 206 227 229 0 153 178 133 213 195 220 180 240 265 211 209 161 226 212 251 169 185 207 152 246 272 199 193 121 216 156 
238 174 128 131 50 173 116 63 129 54 99 127 75 126 153 84 171 114 232 154 110 62 67 65 159 190 48 128 129 56 125 105 26 35 132 89 76 176 0 42 209 89 42 117 125 87 127 168 161 118 108 59 98 43 65 81 156 134 199 57 130 74 132 3 
196 161 159 137 136 131 117 159 154 122 104 146 100 207 195 66 217 139 269 112 115 180 92 70 165 157 227 86 87 43 144 110 94 214 116 84 162 134 179 0 167 74 183 116 142 155 122 173 171 122 145 90 118 1 102 39 173 92 157 233 155 32 169 170 
263 24 136 108 92 198 74 105 63 96 99 142 9 153 195 78 126 48 223 121 110 71 1 65 120 166 90 119 126 98 140 81 68 77 73 131 100 130 42 84 0 131 84 108 113 111 169 168 152 114 99 101 140 40 56 78 90 176 196 66 64 36 108 45 
305 224 265 197 219 240 200 228 179 147 188 146 91 269 246 167 242 198 325 226 199 146 177 155 225 283 253 227 190 149 164 189 119 240 229 41 239 147 205 186 280 0 135 179 158 186 79 258 254 185 201 196 131 176 158 52 206 201 170 262 123 118 225 96 
324 255 292 147 250 259 118 198 222 263 172 262 158 250 323 159 285 207 371 176 183 150 160 138 175 253 248 158 247 216 260 120 235 235 117 169 209 279 209 208 231 241 0 199 152 220 207 221 239 88 219 223 298 199 215 221 187 220 286 257 213 175 195 212 
242 115 229 65 177 177 98 135 140 181 90 151 86 230 241 77 203 125 289 65 101 68 78 56 93 190 175 76 136 134 149 38 153 162 97 175 146 207 127 126 120 159 169 0 70 157 180 83 157 6 108 160 218 117 133 139 167 138 257 184 141 93 132 130 
400 305 303 262 301 335 295 266 303 185 253 258 249 364 380 215 366 288 363 291 264 315 241 219 290 321 338 293 267 187 256 259 290 325 294 212 277 318 290 289 346 171 306 247 0 288 250 219 292 253 239 234 302 214 196 223 330 334 341 347 294 273 263 267 
378 370 394 382 316 313 261 329 395 320 311 345 214 389 377 313 437 380 498 361 322 207 333 317 360 411 314 351 387 322 391 357 292 301 398 355 342 335 266 300 416 355 308 363 389 0 326 420 378 330 359 325 364 301 331 339 330 274 426 323 269 232 383 269 
351 237 261 224 183 286 249 202 100 193 232 242 152 190 290 223 163 191 366 158 225 195 144 198 157 283 181 261 229 195 242 224 165 168 256 222 209 191 139 175 213 188 181 229 236 220 0 298 295 235 201 192 237 176 199 214 127 247 332 190 207 179 225 142 
270 143 189 93 205 205 126 163 168 190 118 179 114 250 269 101 231 153 299 93 129 96 106 84 121 218 203 104 164 73 177 66 181 190 125 114 174 135 155 154 148 158 122 28 98 185 97 0 185 34 136 120 217 100 132 138 195 166 256 212 169 121 160 158 
190 167 193 138 235 125 171 99 167 191 148 215 144 201 88 110 230 152 327 138 159 141 136 114 166 154 233 149 200 118 213 111 163 220 170 159 110 147 185 184 193 203 167 73 143 121 138 45 0 79 172 124 251 145 160 183 194 211 223 242 66 166 96 140 
236 167 244 59 171 171 92 158 134 175 84 174 80 224 235 71 197 119 283 88 95 62 72 50 87 213 169 70 159 128 172 32 147 156 91 169 169 201 121 120 143 153 163 121 64 180 184 133 151 0 131 175 212 111 127 133 161 132 251 178 135 87 155 124 
199 131 121 23 139 134 56 27 142 119 92 43 88 182 198 105 205 127 286 52 103 96 80 58 51 82 186 104 28 121 41 66 91 173 55 162 38 172 149 128 107 178 107 28 48 49 147 97 159 34 0 52 179 119 130 157 125 95 179 108 91 105 24 68 
238 181 69 73 136 185 74 139 90 143 40 155 36 130 195 81 153 75 239 102 51 121 28 6 101 194 178 80 140 84 153 46 115 165 73 125 127 157 166 76 157 150 119 131 78 138 163 109 107 59 112 0 163 67 83 105 117 146 223 187 91 63 136 169 
243 174 223 66 172 178 99 143 82 105 118 161 110 172 204 135 145 67 242 95 129 184 106 84 94 200 170 138 146 107 159 100 77 157 98 148 119 173 169 138 150 170 164 127 27 130 186 140 171 133 118 154 0 134 75 172 109 139 267 179 165 137 142 125 
231 190 266 177 197 192 153 172 199 222 175 145 171 268 256 216 262 184 359 111 186 229 163 141 205 227 256 215 86 201 143 181 194 243 209 242 183 133 208 211 166 236 223 165 144 172 205 244 242 171 154 197 117 0 192 38 222 153 156 232 193 198 169 211 
242 167 164 66 144 177 99 70 185 148 135 86 131 220 184 129 248 170 167 95 146 120 123 101 94 125 142 128 71 150 84 90 120 129 98 183 81 215 94 136 150 183 136 52 91 92 187 135 96 58 43 95 192 137 0 175 168 138 222 151 134 145 67 97 
290 230 279 145 249 225 178 222 161 184 137 114 133 251 283 178 224 146 321 174 148 191 125 103 173 250 249 177 138 163 112 143 156 236 177 204 198 95 248 173 228 247 216 127 106 134 238 206 204 133 197 210 79 164 154 0 188 205 118 258 162 160 221 204 
237 110 141 97 63 186 129 101 142 124 112 115 88 63 223 121 184 127 296 31 123 75 80 78 30 156 61 141 102 98 115 118 96 48 129 102 89 189 128 55 86 102 170 102 122 100 140 171 179 108 74 72 173 56 135 94 0 147 212 70 143 87 98 131 
104 167 216 140 44 39 142 67 123 175 159 71 69 115 103 168 186 108 283 169 107 88 61 125 168 177 195 179 145 175 158 141 147 182 172 124 70 190 147 132 224 83 133 123 165 81 52 159 212 129 117 147 214 100 116 135 150 0 199 165 124 96 119 141 
172 272 284 207 247 107 210 106 220 243 177 227 116 183 257 215 283 246 342 236 175 156 199 219 235 245 263 217 212 243 225 228 215 250 239 232 201 237 215 200 291 274 220 191 232 212 120 227 244 196 184 215 283 201 244 239 247 203 0 233 171 143 187 218 
294 215 192 180 114 229 59 118 193 118 163 191 139 190 217 148 235 178 226 159 174 5 131 129 158 173 112 184 151 120 189 157 90 99 196 153 129 198 64 98 191 153 106 119 189 140 191 202 225 125 157 123 162 65 129 103 128 190 221 0 194 30 115 67 
229 101 242 115 169 164 148 182 132 173 82 211 78 222 237 44 195 117 281 144 93 162 70 48 143 236 167 122 195 126 209 88 145 154 147 167 169 81 119 118 199 192 161 94 120 180 130 151 149 100 168 173 217 109 125 147 159 188 157 176 0 105 192 122 
264 229 227 150 204 199 183 154 222 190 172 170 168 204 263 134 285 207 337 172 183 216 160 138 171 209 202 154 155 111 168 178 162 189 182 152 165 202 247 68 227 142 200 155 175 176 190 224 239 161 127 158 186 69 170 107 141 160 225 211 214 0 151 161 
246 119 97 69 164 181 102 3 118 95 68 119 64 158 194 81 181 103 267 69 79 72 56 34 97 58 179 80 104 97 117 42 67 166 101 138 14 185 131 104 124 163 83 4 74 25 176 87 135 10 76 28 155 95 106 133 145 142 245 184 119 91 0 44 
235 171 169 128 123 170 157 132 169 51 119 124 115 203 150 81 232 154 229 157 130 182 107 85 156 187 204 159 133 53 122 125 23 191 156 94 143 213 156 155 212 154 39 114 138 154 132 188 158 120 105 100 111 80 62 118 196 131 236 213 170 142 129 0 
