0 98 100 57 130 75 109 92 69 21 99 94 147 128 119 160 111 75 69 86 114 112 92 128 78 84 136 72 96 86 83 119 61 97 113 108 107 99 93 90 120 58 110 117 71 93 91 134 74 92 99 101 72 92 107 149 131 99 78 59 170 62 41 82 92 141 111 92 131 128 81 109 109 126 44 98 117 84 100 122 107 101 110 83 136 91 71 76 84 174 141 96 98 99 59 69 81 86 79 70 108 76 112 122 66 80 127 129 112 101 146 73 110 113 99 112 87 77 124 18 64 72 126 109 83 27 111 115 
64 0 95 32 84 41 85 94 67 63 80 69 78 61 107 99 109 102 107 84 95 109 67 121 53 57 67 47 64 61 106 100 36 72 109 52 83 42 38 87 95 122 37 44 67 69 52 105 74 126 65 44 114 31 77 124 132 80 70 59 119 89 105 102 40 126 34 98 104 100 57 82 11 126 86 37 84 59 96 101 73 107 85 97 108 72 100 51 90 115 125 108 57 74 34 90 77 62 113 67 39 68 87 89 63 95 102 128 113 98 85 48 90 94 95 87 62 77 84 82 56 68 101 25 41 69 35 81 
164 157 0 116 179 151 186 178 151 135 142 73 198 211 191 221 193 186 183 190 157 193 151 183 137 145 187 131 143 133 186 121 120 156 193 174 184 174 160 179 179 202 169 176 151 148 174 222 180 180 161 160 156 153 170 192 153 187 154 173 159 173 185 186 151 210 170 182 192 221 179 186 157 222 147 159 130 135 113 179 166 188 194 181 221 134 133 135 174 153 196 170 149 158 118 174 161 163 182 159 159 167 171 169 147 179 186 214 200 182 207 132 170 156 112 171 146 168 205 182 140 152 185 152 142 141 142 177 
48 41 86 0 90 35 70 62 35 31 63 37 90 95 75 105 77 70 79 74 78 77 35 96 21 29 79 15 39 29 93 83 4 40 77 58 68 58 44 71 63 102 53 60 35 44 58 111 64 94 59 44 82 37 63 92 105 71 38 69 118 57 89 70 35 94 54 66 76 110 63 75 52 120 54 43 67 27 66 86 50 89 91 65 105 55 81 19 58 117 109 91 41 42 2 58 45 47 81 51 51 63 55 65 31 63 70 98 100 66 91 16 66 77 65 55 30 52 89 66 24 36 69 66 26 37 54 61 
65 139 114 98 0 69 85 157 77 86 90 121 148 110 159 121 119 107 134 103 105 139 119 130 111 119 32 105 129 119 147 151 102 127 158 110 83 111 89 92 153 123 151 133 125 106 103 127 63 153 93 118 137 127 147 173 105 99 65 123 170 127 106 114 125 150 152 119 159 105 139 117 132 150 108 133 112 85 106 101 133 136 126 132 113 123 106 96 111 50 132 130 99 116 100 89 111 62 143 72 109 43 145 155 121 126 141 98 162 41 107 106 110 104 105 92 120 109 141 83 58 126 156 116 116 91 52 52 
111 104 106 63 55 0 76 125 98 27 75 100 108 84 107 166 119 98 75 109 90 105 98 116 84 90 87 78 87 77 89 95 67 103 89 98 74 55 33 80 126 149 116 123 77 92 47 140 80 98 24 107 78 98 97 148 127 105 60 65 101 102 129 105 98 147 114 103 124 123 87 95 106 85 50 104 43 79 91 92 105 107 57 120 131 67 77 82 107 105 129 102 93 105 65 75 87 53 85 60 82 91 101 113 94 86 133 123 118 96 152 79 114 89 90 115 93 83 117 79 46 78 132 85 89 33 107 40 
106 109 105 68 88 67 0 129 93 55 51 76 114 60 94 163 73 22 103 33 66 59 93 86 61 87 103 83 63 53 77 71 72 60 117 63 89 31 9 48 111 122 108 115 75 40 23 148 48 110 70 90 96 95 79 112 103 116 34 84 147 110 135 29 95 134 90 39 89 99 106 71 82 73 62 101 84 55 67 83 109 109 103 85 107 43 83 87 31 114 99 79 45 88 70 98 85 87 97 55 75 59 77 89 49 103 110 99 96 84 149 74 90 65 66 97 84 92 71 55 56 76 89 61 84 52 91 101 
103 121 104 80 103 90 105 0 92 47 75 55 130 111 100 132 87 98 95 84 86 73 84 95 76 84 98 70 34 84 100 95 84 95 92 75 103 82 70 57 118 157 126 105 50 39 74 100 99 109 90 72 90 92 15 147 127 89 46 85 111 105 144 80 10 90 100 99 81 120 107 77 128 149 61 96 95 67 91 129 105 45 91 97 128 67 97 37 91 135 108 103 27 70 82 95 60 102 96 37 91 58 87 59 86 78 66 149 95 121 118 71 51 85 90 33 85 67 85 116 79 51 124 85 11 53 74 116 
82 75 103 34 80 25 101 96 0 52 66 71 124 75 90 122 42 53 100 64 81 90 69 107 55 63 109 49 73 63 92 86 38 74 99 92 99 46 24 79 97 120 87 94 57 71 38 128 79 116 49 78 103 71 94 110 70 105 65 83 101 91 123 60 69 128 88 70 110 114 97 40 86 104 75 77 48 61 31 97 84 123 82 99 122 58 82 53 62 129 120 94 75 76 36 92 67 78 103 85 85 82 89 99 65 85 104 63 127 92 108 50 41 80 30 89 64 74 102 70 58 58 103 76 60 58 88 65 
84 77 79 36 115 71 88 98 71 0 78 73 126 129 98 139 113 98 48 82 93 105 71 119 57 63 115 51 75 65 62 98 40 76 92 92 86 94 78 92 99 138 89 96 50 80 92 113 53 71 95 80 51 71 99 128 110 78 74 38 154 93 102 105 71 120 90 85 110 146 60 92 88 149 23 77 103 63 94 104 86 80 89 101 141 70 50 55 94 153 123 75 77 78 38 48 60 65 58 72 87 99 91 101 67 59 106 134 91 102 125 52 102 92 93 91 66 56 117 102 60 51 105 88 62 6 90 97 
64 60 74 19 109 54 83 81 44 22 0 53 75 82 91 121 86 89 70 77 15 93 51 94 37 45 64 34 55 45 57 93 23 56 84 74 81 77 60 56 79 105 72 79 45 60 74 108 48 66 19 63 59 53 74 95 95 73 57 33 96 76 105 89 54 110 73 80 92 121 55 84 71 80 18 59 33 12 16 74 69 75 52 81 110 65 67 38 74 133 107 48 26 61 21 70 55 60 53 36 36 79 71 81 47 54 86 107 86 82 107 32 82 14 15 71 46 51 105 82 43 46 85 83 42 1 73 77 
123 116 141 75 106 110 145 137 110 62 69 0 125 151 145 168 149 145 110 121 84 152 110 110 96 104 114 90 70 60 124 89 79 115 142 124 143 128 119 106 129 152 128 135 110 75 120 155 115 133 88 119 83 112 97 142 121 134 113 100 86 132 153 117 110 169 129 141 151 148 122 113 125 149 85 118 102 62 85 124 125 115 121 140 156 61 101 94 133 80 123 97 76 117 77 110 120 122 120 86 86 94 130 96 106 121 145 173 131 141 164 91 97 83 84 115 105 117 155 141 99 101 144 79 101 68 82 134 
91 108 80 67 120 71 116 102 46 31 109 79 0 121 99 140 88 99 29 83 124 90 81 120 67 64 125 61 85 75 93 129 15 86 123 93 114 69 70 114 88 104 64 71 81 90 84 114 14 72 95 71 82 72 109 138 116 79 84 69 131 124 109 81 67 101 65 70 111 156 91 86 119 150 54 78 94 73 77 111 96 111 120 111 151 101 57 57 62 144 124 56 84 109 69 79 91 93 59 94 97 109 101 111 55 90 102 109 92 90 126 62 71 123 76 53 76 87 102 28 70 82 115 119 68 37 54 107 
75 84 82 43 80 52 50 105 41 28 43 42 89 0 101 110 71 72 76 51 58 57 62 84 1 56 78 42 66 56 79 58 47 67 57 63 48 43 49 81 68 126 48 55 15 58 63 116 44 74 62 47 79 42 65 116 90 81 29 66 128 70 91 79 51 74 45 89 92 39 68 81 22 115 40 48 70 49 57 66 67 83 95 92 47 35 39 46 81 54 97 71 63 45 45 38 25 27 61 61 50 7 49 92 25 43 50 104 94 60 96 43 76 57 58 82 24 32 69 93 47 16 96 36 52 34 56 41 
118 96 136 77 119 98 127 139 73 80 82 114 108 91 0 159 109 58 128 69 97 95 112 21 92 106 97 92 88 78 108 102 42 117 148 99 125 62 40 84 140 154 91 98 106 76 54 152 79 141 101 98 131 91 107 155 119 140 70 89 174 45 159 65 94 165 92 75 125 77 111 102 71 109 98 97 115 80 98 119 105 137 134 32 85 74 114 96 67 145 34 110 81 119 79 73 116 116 128 91 69 59 108 114 85 98 141 112 132 88 145 93 114 96 97 125 107 107 107 86 92 107 146 85 95 83 92 117 
130 126 140 85 141 86 143 117 110 88 66 119 141 148 157 0 152 155 136 143 81 159 117 145 103 111 130 100 121 111 123 159 89 122 150 127 141 141 119 122 145 171 138 145 111 126 133 174 114 132 85 94 125 119 132 161 161 139 123 99 162 142 171 155 120 176 139 146 158 187 121 150 137 146 84 125 99 78 82 140 135 141 118 147 65 131 133 104 140 191 158 114 92 127 87 136 121 126 119 102 102 145 137 147 113 120 152 173 152 148 161 98 148 80 81 137 112 117 171 148 109 112 151 149 108 67 139 126 
95 101 107 60 78 56 80 122 44 67 76 84 110 98 83 145 0 11 95 22 63 48 82 75 68 69 99 75 75 65 90 96 64 85 107 52 78 69 47 37 110 147 103 110 82 29 61 141 37 99 67 79 85 77 104 137 99 106 23 41 144 78 132 18 84 141 104 28 78 110 63 84 112 62 51 83 92 47 75 72 99 134 98 77 118 68 80 79 20 128 88 96 34 77 62 94 92 68 86 44 71 48 102 101 38 110 117 107 85 73 131 63 85 62 74 102 77 59 60 93 45 83 114 86 73 73 114 96 
84 90 96 49 67 45 69 111 71 56 65 73 99 87 72 141 51 0 84 11 52 37 71 64 57 65 88 64 64 54 79 85 53 74 96 41 67 58 36 26 99 136 92 99 71 18 50 130 26 88 56 68 74 73 93 126 88 95 12 80 133 88 121 7 73 130 93 17 67 99 86 98 101 51 40 79 86 36 69 61 88 123 87 66 107 57 69 68 9 117 77 85 23 66 51 83 81 65 75 33 60 37 91 90 27 99 106 126 74 62 127 52 91 51 68 91 66 85 49 82 34 72 103 75 62 62 103 85 
65 102 51 61 108 53 87 123 96 48 80 50 111 101 70 111 79 90 0 54 95 94 52 91 38 35 100 71 56 46 83 100 65 57 94 64 85 72 50 89 59 119 110 117 52 61 64 85 74 43 77 76 99 43 80 109 131 50 55 86 136 102 95 97 91 72 85 83 82 127 69 101 101 136 44 49 91 48 74 103 106 106 97 82 122 72 98 75 75 130 95 27 59 102 63 75 62 64 30 69 72 80 72 82 48 80 87 140 63 83 97 33 83 94 73 72 47 69 100 83 80 53 86 90 43 54 104 78 
73 110 85 69 91 72 90 131 60 48 54 62 114 76 77 130 102 111 96 0 41 102 60 95 46 54 103 65 64 54 68 74 73 63 85 30 93 47 25 97 88 125 81 88 60 7 39 119 55 77 45 84 63 62 82 115 106 84 1 86 122 98 114 105 84 119 82 91 56 88 75 87 98 106 29 68 87 56 70 111 100 112 78 88 96 46 86 69 83 130 108 74 67 110 71 72 70 72 64 77 75 26 80 84 56 88 95 115 63 91 116 41 85 40 69 80 55 77 113 71 74 61 92 64 51 54 107 86 
80 73 108 32 122 67 102 94 67 63 95 69 82 127 107 137 85 96 111 106 0 109 67 101 53 61 71 47 71 61 125 115 36 72 109 81 100 90 76 63 65 134 85 92 67 76 90 142 78 100 91 76 44 69 81 124 137 103 70 63 150 89 121 102 67 126 86 98 108 142 85 107 84 147 86 75 98 19 98 81 82 111 97 97 117 87 113 51 90 149 114 33 33 74 34 90 77 79 113 43 43 95 87 97 63 95 102 130 120 98 123 48 98 109 97 87 62 81 106 98 56 68 101 86 58 69 86 91 
95 62 98 74 30 65 32 83 58 81 83 91 124 92 55 123 14 25 47 36 77 0 89 75 73 81 62 69 89 79 104 103 78 92 84 66 30 63 41 51 106 146 99 106 87 43 55 129 51 90 81 93 99 55 92 136 113 97 37 55 147 92 136 32 89 119 65 42 92 117 77 98 73 76 65 61 106 61 89 86 51 122 80 87 125 75 94 73 34 80 88 74 48 91 23 108 97 82 77 58 85 62 109 86 52 115 122 121 41 71 109 70 87 76 88 105 84 59 12 87 58 43 121 87 80 84 82 82 
90 118 117 77 94 39 83 139 107 56 71 2 127 87 113 97 63 74 104 85 86 102 0 112 63 71 116 57 72 62 104 91 81 82 105 100 81 58 36 100 43 144 130 109 63 77 50 103 100 122 63 81 85 79 28 134 123 102 80 94 88 107 131 81 77 119 90 91 94 126 55 87 109 124 79 35 82 64 87 99 92 58 96 107 70 63 103 50 83 82 125 99 78 119 79 100 73 60 109 88 88 94 77 98 53 91 95 126 133 88 83 58 64 85 86 46 52 80 114 82 66 64 111 81 68 62 84 79 
103 112 115 71 98 80 106 133 72 59 61 108 117 70 109 138 88 37 107 48 76 74 106 0 71 96 106 86 67 57 87 81 75 111 127 78 104 41 19 63 121 133 76 83 85 55 33 131 58 125 80 83 110 70 89 134 98 119 49 94 154 24 144 44 79 144 73 54 104 100 96 81 50 88 77 76 94 59 77 98 112 119 113 103 108 53 93 90 46 124 13 89 60 103 73 52 95 97 112 70 78 38 87 93 64 93 120 91 111 99 124 87 94 75 76 107 94 102 86 65 71 86 140 64 80 62 101 108 
74 100 81 59 79 53 49 121 86 27 42 41 105 109 100 122 70 71 75 82 57 56 61 83 0 55 90 41 65 55 78 62 63 66 56 84 47 80 58 80 89 125 99 88 14 70 72 115 43 73 61 52 78 63 64 115 94 80 60 65 127 69 115 78 61 73 61 88 91 136 80 86 98 114 39 60 73 53 56 65 76 82 94 91 131 34 74 45 80 121 96 70 67 73 61 37 24 26 60 60 66 83 48 91 24 42 49 136 93 59 108 42 75 56 57 81 23 31 68 92 46 15 95 52 52 33 82 40 
69 82 107 42 73 18 62 103 77 45 57 15 111 66 96 76 104 84 93 95 72 98 56 98 42 0 100 36 60 50 83 77 46 61 89 29 60 37 15 88 84 123 75 82 47 65 29 82 54 106 42 80 96 8 84 113 109 92 59 83 101 93 110 91 56 115 76 78 47 105 34 66 88 101 68 14 56 48 39 78 71 110 62 86 113 49 89 40 70 95 105 85 62 84 43 79 57 39 93 68 72 73 76 84 52 75 91 105 121 87 62 37 85 71 38 76 51 64 103 61 45 48 90 67 47 51 96 58 
33 124 82 83 92 37 53 125 102 54 104 89 133 113 133 89 121 75 102 71 80 107 87 98 79 87 0 73 97 87 116 124 87 98 126 78 51 84 62 60 121 91 125 101 93 74 76 95 31 121 61 117 105 95 115 141 156 67 40 92 138 95 74 82 93 118 126 87 127 145 114 124 135 118 77 101 80 70 120 69 108 134 94 100 153 96 74 77 79 142 111 98 84 125 85 102 79 30 112 40 94 93 113 123 89 113 128 152 130 124 75 74 124 79 119 113 88 77 119 51 26 94 127 114 84 60 137 20 
33 66 71 25 75 20 55 87 60 16 48 22 75 80 60 90 68 77 64 60 63 62 20 81 6 14 64 0 24 14 78 68 29 25 62 43 53 51 29 56 48 87 78 85 20 29 43 96 49 79 44 44 67 22 48 77 100 56 23 54 103 70 74 71 20 79 53 51 61 95 48 80 69 105 39 28 63 12 53 71 35 74 76 50 90 40 66 4 43 102 94 76 26 67 27 43 30 32 66 36 36 48 40 50 16 48 55 119 85 51 76 1 51 62 52 40 15 37 74 51 9 21 54 58 11 22 72 46 
71 108 83 67 123 70 93 129 58 54 86 60 117 91 75 128 100 111 102 86 86 100 58 96 44 52 64 82 0 52 66 106 71 63 100 81 91 89 67 95 86 125 120 127 58 5 81 117 72 75 90 82 61 60 86 115 114 82 46 92 146 108 112 109 102 117 85 89 99 86 86 98 107 151 27 66 106 54 89 109 114 112 93 88 94 78 104 82 81 140 109 114 65 108 69 70 68 70 62 75 78 24 78 88 54 86 93 121 61 89 114 39 89 85 88 78 53 75 112 89 90 59 92 96 49 60 110 84 
63 56 81 15 105 50 85 77 50 2 78 52 65 97 85 118 92 85 50 61 93 92 50 84 36 44 54 30 10 0 64 98 19 55 92 64 83 68 59 46 78 117 68 75 50 15 60 95 55 73 74 59 53 52 64 107 112 80 53 40 97 72 104 57 50 109 69 81 91 96 62 90 67 132 25 58 82 2 81 64 65 82 80 80 100 70 52 34 73 132 97 77 16 57 17 50 60 62 60 26 26 34 70 36 46 61 85 113 71 81 104 31 37 92 80 70 45 58 104 81 39 51 84 81 41 8 69 74 
76 94 28 53 73 51 75 115 88 59 83 59 91 92 98 123 57 68 90 79 57 43 57 68 49 57 80 43 67 57 0 103 57 68 105 48 73 63 41 30 91 95 99 106 63 72 55 128 73 121 61 61 101 65 85 85 48 99 17 72 138 92 117 75 63 122 82 23 104 115 91 103 105 119 82 71 84 40 96 102 78 103 27 70 123 75 109 47 77 123 81 90 54 59 55 86 73 71 109 10 52 91 69 93 59 91 98 131 84 94 109 44 94 56 95 83 58 80 55 87 40 64 97 92 54 65 102 89 
65 98 67 57 107 52 87 119 92 48 80 34 103 112 86 107 95 106 96 70 95 94 32 107 38 46 92 32 56 46 65 0 61 57 94 75 85 67 61 88 75 119 62 69 52 61 75 101 66 59 76 45 99 54 60 109 32 66 55 84 120 102 64 103 52 111 59 83 93 127 80 107 36 137 26 60 68 44 85 103 67 90 92 82 102 72 12 36 75 114 110 108 58 43 59 60 62 64 61 68 64 80 72 82 48 80 87 151 79 83 93 33 83 94 84 72 47 69 106 83 41 53 86 50 43 54 86 78 
76 106 134 65 111 56 105 127 31 78 97 97 141 106 121 136 73 84 126 70 111 121 95 137 81 89 130 80 76 76 123 117 0 100 130 89 103 54 55 99 123 134 49 56 88 77 69 159 85 147 80 56 129 97 123 141 101 136 71 114 132 122 117 66 52 154 50 101 126 145 77 71 117 135 99 103 79 78 62 121 115 134 113 125 153 89 113 84 93 140 150 125 69 107 67 118 98 82 134 79 102 96 115 101 91 116 130 94 125 123 139 76 72 110 61 115 90 103 96 94 89 89 129 107 53 84 50 96 
97 89 128 65 83 63 54 127 100 64 79 16 101 114 108 132 77 64 100 75 94 63 100 126 86 90 90 80 85 76 126 105 69 0 123 85 83 75 63 90 107 62 70 77 100 82 77 138 90 134 87 77 99 64 100 52 114 113 74 82 102 120 138 71 73 159 67 43 131 70 90 115 44 115 87 70 106 78 95 90 98 112 118 25 78 77 114 84 38 96 139 75 87 99 67 112 50 91 121 97 62 101 90 112 66 91 135 153 94 81 118 81 113 93 94 118 65 98 65 109 60 82 29 58 74 70 47 103 
103 116 97 75 93 71 95 137 61 82 71 48 125 94 93 125 65 26 110 37 78 63 90 90 76 84 114 70 90 80 105 91 79 95 0 67 93 75 62 52 111 154 118 114 43 44 67 93 52 102 82 94 100 92 8 144 87 82 38 100 104 13 144 33 90 99 98 43 35 89 73 70 116 77 66 89 104 62 87 87 105 38 113 92 97 63 95 30 35 128 103 99 49 92 77 73 53 78 89 59 86 27 103 72 53 71 75 80 100 88 111 71 44 77 86 26 78 60 75 108 60 44 124 81 81 72 111 97 
78 134 123 93 116 74 60 139 128 80 111 94 84 120 132 162 115 82 113 71 112 101 92 135 78 86 73 72 78 78 121 131 97 97 134 0 105 56 69 97 120 136 51 58 92 78 83 157 25 115 98 58 131 94 83 149 152 122 72 65 137 132 119 89 54 151 52 81 127 159 79 96 141 133 82 100 117 80 125 123 107 113 131 122 119 103 68 76 73 166 148 92 71 114 95 115 102 84 117 77 45 97 112 103 88 120 127 159 127 123 148 73 104 111 124 101 87 83 98 96 63 93 126 121 55 86 118 57 
108 111 98 70 90 69 2 131 95 57 53 78 114 62 96 165 75 24 105 35 68 61 95 72 63 89 103 85 65 55 79 73 74 62 119 65 0 33 11 50 113 124 108 115 77 42 25 132 50 90 72 92 98 97 81 114 105 97 36 86 149 96 137 31 97 136 92 41 91 101 108 73 84 75 64 103 86 57 69 85 111 111 50 87 109 45 85 89 33 116 85 81 47 90 72 100 87 89 99 57 75 61 79 91 51 105 112 101 98 86 151 76 92 67 68 99 86 94 73 57 58 78 91 63 86 54 93 103 
85 78 103 37 84 72 86 99 72 24 88 74 87 103 107 140 103 107 72 83 68 114 72 106 58 66 76 52 32 22 86 108 41 77 100 86 84 0 52 68 100 94 90 97 72 37 66 117 77 95 72 81 75 74 86 129 134 102 28 62 119 94 126 79 72 131 91 103 113 118 84 40 89 133 47 80 104 24 103 86 87 104 102 102 122 80 74 56 95 134 119 99 38 79 39 72 82 84 82 48 48 56 92 58 68 83 107 135 93 103 126 53 59 67 102 92 67 75 66 98 61 59 106 98 63 30 91 96 
106 100 96 59 79 94 101 120 86 46 42 93 105 51 129 161 104 115 94 102 57 90 93 83 52 87 94 74 54 44 68 62 63 98 108 108 99 22 0 90 102 116 99 106 66 59 14 139 90 108 61 84 97 93 70 115 94 107 50 75 138 107 126 101 94 125 81 70 134 90 97 62 73 122 60 99 75 46 58 108 100 100 94 123 98 34 74 78 116 105 96 70 60 96 61 89 76 78 95 70 66 58 68 80 76 94 101 90 115 111 147 74 81 56 57 88 75 83 88 46 83 67 127 52 84 43 82 92 
71 64 99 23 102 58 93 85 58 30 86 60 73 108 98 128 100 75 78 86 101 100 58 38 44 52 62 38 38 28 92 106 27 63 100 72 91 79 57 0 86 125 76 83 58 43 71 123 69 91 82 67 81 60 72 115 128 91 61 54 125 62 112 82 58 117 77 89 99 85 76 98 75 126 53 66 90 10 89 72 73 102 88 40 93 78 80 42 81 140 51 105 24 65 25 78 68 70 88 34 34 62 78 64 54 86 93 121 99 89 114 39 65 100 88 78 53 72 84 89 47 59 92 89 49 36 77 82 
97 90 92 49 94 39 95 111 64 13 91 78 111 114 103 130 20 31 61 42 83 68 84 95 70 76 76 64 88 78 75 111 53 89 105 71 93 85 63 57 0 151 102 109 63 49 77 123 57 84 63 38 64 84 110 141 119 91 43 51 132 64 115 38 84 79 47 48 98 130 67 99 101 82 36 90 82 48 76 66 99 68 96 97 138 83 63 68 40 144 108 88 54 91 51 61 73 72 71 64 72 68 34 114 10 72 119 127 95 45 116 65 105 82 75 104 9 69 80 109 65 64 118 101 75 19 103 79 
111 107 115 66 98 101 120 128 91 65 47 100 122 70 123 123 114 125 113 105 62 100 98 102 71 92 111 81 73 63 87 81 70 103 127 121 118 41 93 103 121 0 118 125 85 78 33 155 95 113 66 103 106 100 89 134 113 101 69 80 143 123 145 120 101 117 100 110 139 109 102 81 92 127 65 106 80 59 63 121 116 119 99 128 117 53 93 85 121 124 115 89 73 108 68 108 95 97 100 83 83 77 87 99 94 101 93 109 133 129 154 79 100 61 62 107 93 98 107 129 90 86 132 71 89 48 120 111 
27 83 107 42 65 38 56 104 77 29 76 58 92 108 90 126 84 78 77 77 73 98 56 88 42 50 81 36 27 27 91 96 46 61 98 40 54 5 57 50 84 85 0 7 56 32 71 111 65 100 62 7 80 58 84 113 128 92 33 67 86 89 68 73 3 115 1 87 79 113 28 45 94 121 52 64 81 29 89 72 71 109 84 86 121 68 79 40 79 115 101 104 20 63 44 77 66 33 87 30 53 51 76 52 52 84 91 140 76 87 112 37 53 72 88 76 51 54 47 45 45 57 90 86 4 35 67 78 
20 118 120 77 134 79 49 112 89 41 100 114 161 109 136 180 122 71 89 82 115 108 112 119 90 104 150 92 112 102 103 120 81 109 133 112 47 80 58 97 140 78 128 0 91 89 72 154 94 112 103 104 92 112 127 161 151 119 83 79 180 82 61 78 112 161 129 88 126 148 21 53 129 114 64 118 122 104 116 65 127 121 97 103 137 92 91 96 80 163 132 116 94 102 79 89 101 26 99 90 122 96 126 138 86 100 139 148 132 121 166 93 130 114 115 132 107 97 120 38 84 92 138 110 103 47 131 119 
60 86 67 45 65 47 82 107 72 39 28 27 91 98 86 108 95 68 86 70 43 89 47 69 33 41 80 27 51 41 64 48 49 52 42 70 80 69 47 83 75 111 98 105 0 56 61 101 72 59 47 61 80 49 50 101 80 66 50 57 113 55 101 75 47 106 55 78 77 122 66 72 84 108 25 46 61 39 44 92 62 80 80 77 117 20 60 31 70 107 82 56 53 59 47 70 10 59 46 63 52 69 60 77 36 28 82 122 79 71 94 28 61 42 43 67 35 17 101 78 36 1 81 38 38 29 68 73 
66 103 78 62 118 65 88 124 53 49 81 55 112 86 70 123 95 106 97 81 81 95 53 91 39 47 101 77 57 47 61 101 66 58 95 76 86 84 62 90 81 120 115 122 53 0 76 112 67 70 85 77 56 55 81 110 109 77 41 87 141 103 107 104 97 112 80 84 94 81 81 93 102 146 22 61 101 49 84 104 109 107 88 83 89 73 99 77 76 135 104 109 60 103 64 65 63 65 57 70 73 19 73 83 49 81 88 116 56 84 109 34 84 80 83 73 48 70 107 84 85 54 87 91 44 55 105 79 
92 86 82 45 65 80 87 107 72 32 28 79 91 37 115 147 108 106 80 88 43 94 79 69 38 73 80 60 40 30 54 48 49 84 94 94 85 8 60 76 88 102 85 92 52 45 0 125 76 94 47 70 83 79 56 101 80 93 36 61 124 93 112 87 80 111 67 77 120 76 83 48 59 108 46 85 61 32 44 94 86 86 80 109 84 20 60 64 102 91 82 56 46 82 47 75 62 64 81 56 52 44 54 66 62 80 87 76 101 97 133 60 67 42 43 74 61 69 74 106 69 53 113 38 70 29 93 78 
122 115 130 74 142 87 126 136 109 105 126 111 124 135 149 145 151 144 153 133 141 151 109 143 95 103 113 89 113 103 145 146 78 114 151 98 124 106 84 105 137 176 127 134 109 118 98 0 120 122 111 118 156 77 123 166 178 129 112 105 188 131 163 144 109 168 128 140 150 174 98 130 126 172 106 83 130 61 115 79 124 153 131 139 159 118 155 93 132 189 156 154 75 116 76 132 119 103 141 85 85 137 129 139 23 137 144 172 142 58 131 90 140 140 139 129 104 123 158 130 98 110 143 136 100 89 128 127 
80 113 98 72 106 67 102 114 107 63 95 69 122 127 107 137 90 101 111 101 110 76 67 128 53 61 111 47 71 61 96 115 76 72 109 90 100 98 76 103 95 134 94 101 67 76 90 132 0 90 91 91 114 69 95 124 127 97 70 101 150 117 95 108 67 126 95 56 108 142 95 127 116 152 57 75 110 59 100 100 82 121 123 97 137 87 43 51 48 149 141 67 73 114 74 90 77 79 92 83 83 95 87 97 63 95 102 166 110 98 123 48 98 109 99 87 62 84 88 98 56 68 101 105 58 69 119 93 
81 114 8 73 102 68 68 135 71 59 65 70 122 87 27 138 113 76 56 11 52 107 68 48 54 62 112 48 72 62 79 85 69 73 63 41 66 58 36 101 96 91 88 95 68 18 50 42 31 0 56 92 74 70 71 81 117 7 12 65 129 63 52 83 68 127 44 87 67 99 86 98 98 117 40 76 98 60 81 84 83 101 89 59 107 57 74 52 79 141 52 83 74 115 75 83 78 45 75 81 84 37 88 95 64 96 103 126 20 99 124 49 82 51 80 84 63 38 94 82 57 22 102 75 59 65 118 94 
87 80 82 39 111 74 91 101 74 3 81 76 97 132 83 142 95 91 51 85 96 81 74 104 60 66 86 54 78 68 65 81 43 79 65 95 89 97 81 76 102 141 92 99 53 83 95 116 56 74 0 83 54 74 73 131 113 81 77 41 77 78 105 98 74 123 93 88 100 149 63 95 91 61 26 80 106 66 97 107 89 83 33 104 132 73 53 58 97 156 117 78 80 81 41 51 63 68 61 75 58 92 94 104 70 62 109 137 94 105 128 55 102 95 96 91 69 59 93 105 63 54 108 91 65 9 93 100 
103 121 141 80 106 90 93 142 113 86 69 79 117 143 130 160 138 115 134 104 84 126 84 95 76 84 106 70 94 84 126 89 84 63 132 33 123 89 99 57 118 125 84 91 90 99 113 155 58 135 88 0 128 92 97 115 121 126 93 98 165 119 144 122 87 149 85 106 131 133 112 113 107 149 87 98 95 67 85 129 105 127 91 88 141 61 101 74 101 156 108 97 27 70 82 113 100 102 122 37 78 118 110 120 86 103 125 176 155 121 146 71 121 83 84 110 85 107 128 121 79 91 92 79 81 70 110 90 
147 141 137 100 120 126 142 162 127 87 83 123 146 92 168 184 163 161 135 91 98 149 134 124 93 108 135 115 95 85 109 103 104 139 145 121 140 63 115 131 143 157 140 147 107 98 55 180 131 149 102 125 0 116 111 156 135 147 91 116 179 148 167 131 135 166 122 132 92 131 138 103 114 163 101 122 116 87 99 149 141 141 135 164 139 75 115 119 157 146 137 111 101 137 102 130 117 119 136 111 107 99 109 121 117 135 142 131 154 152 170 115 122 97 98 129 116 124 129 161 124 108 168 93 125 84 148 133 
61 74 99 53 65 10 54 95 88 37 49 41 103 58 88 68 96 76 85 87 64 90 48 90 34 26 92 28 52 42 75 69 57 53 81 21 52 29 7 80 76 115 72 79 39 57 21 74 46 98 34 72 88 0 76 105 101 84 51 75 111 85 102 83 48 107 73 70 73 97 26 58 80 95 60 6 53 40 65 70 63 102 54 78 105 41 81 32 62 112 97 77 54 95 35 71 49 31 85 60 64 65 68 78 44 67 83 97 113 79 54 29 79 63 64 68 43 56 95 53 37 40 82 59 39 43 89 50 
95 108 89 80 100 82 106 142 107 74 63 40 126 96 85 117 88 99 121 78 78 74 82 104 68 76 115 62 86 76 99 83 84 87 77 105 104 67 82 118 110 146 133 106 35 85 59 85 107 94 82 96 115 84 0 136 115 74 79 92 96 90 136 97 82 91 90 84 66 135 101 62 113 143 60 81 96 74 79 127 97 30 115 112 143 55 95 22 76 120 117 91 88 94 82 105 45 94 81 98 87 103 95 76 71 63 67 134 114 106 103 63 36 77 78 18 70 52 86 113 71 36 116 73 73 64 103 105 
82 63 97 34 31 11 33 84 69 38 57 71 80 80 56 133 50 12 48 23 64 49 69 76 55 63 63 49 73 63 91 91 38 74 71 53 31 51 42 38 55 10 87 94 69 30 43 133 38 91 35 78 86 71 79 0 100 82 24 61 112 84 123 19 69 120 66 29 79 111 83 91 74 63 52 77 54 48 73 73 75 109 68 78 115 63 81 53 21 81 89 23 35 76 24 86 79 64 78 45 41 49 89 99 39 97 103 119 42 72 125 50 90 63 72 89 64 46 13 88 46 30 103 27 59 44 83 51 
101 127 108 86 106 65 102 148 113 80 69 68 127 113 120 75 111 109 127 111 84 97 88 108 74 81 116 68 92 82 105 89 90 62 83 43 100 84 62 70 116 124 94 87 41 97 76 81 68 100 88 13 121 55 91 114 0 107 91 98 139 96 122 107 88 147 54 77 118 132 74 106 106 149 66 61 36 80 83 78 51 75 104 87 140 61 70 72 69 144 121 97 40 11 88 111 51 79 87 50 88 110 41 86 77 69 123 152 106 112 61 69 87 83 82 108 76 58 109 94 77 42 91 79 79 70 54 100 
77 114 15 73 95 76 61 135 64 52 58 66 118 80 81 134 106 69 100 4 45 106 64 99 50 58 107 69 68 58 72 78 77 67 89 34 59 51 29 95 92 84 85 92 64 11 43 123 59 81 49 88 67 66 86 74 110 0 5 90 126 56 118 76 88 123 86 86 60 92 79 91 102 110 33 72 91 60 74 77 104 116 82 92 100 50 90 73 78 134 45 78 71 114 75 76 74 38 68 81 79 30 84 88 60 92 99 119 67 95 120 45 89 44 73 84 59 81 87 75 78 65 96 68 55 58 111 90 
97 113 120 72 103 84 102 134 107 47 66 78 122 75 124 154 125 124 95 124 40 114 84 107 70 78 111 64 76 66 92 86 76 62 109 107 100 46 24 103 105 124 123 130 84 81 38 160 100 118 44 108 84 86 94 114 118 120 0 85 121 122 138 123 84 143 105 94 125 114 74 86 97 105 70 92 99 59 82 118 99 124 77 87 122 58 97 68 100 129 120 73 73 114 74 95 94 79 105 83 83 82 92 102 80 106 119 114 137 115 140 65 103 39 81 104 79 101 112 70 73 85 91 76 75 53 106 110 
95 128 113 87 101 79 50 129 109 78 101 84 137 110 120 152 85 72 87 83 116 71 82 120 68 76 126 62 86 76 111 121 78 87 124 105 48 81 59 98 110 149 109 116 82 90 73 147 15 105 103 106 129 84 110 139 122 112 82 0 165 132 110 79 82 110 110 51 123 143 22 54 131 115 72 90 122 74 115 66 97 136 98 112 138 93 58 66 63 151 133 82 88 129 89 105 92 27 107 98 98 109 102 112 78 110 117 149 106 113 138 63 113 115 114 102 77 18 83 105 68 83 116 111 73 84 128 108 
122 140 74 99 119 97 121 161 114 101 94 39 137 136 121 157 103 79 136 70 103 89 103 114 95 103 126 89 109 99 46 128 103 114 134 94 119 107 87 76 137 141 145 152 92 77 99 84 105 94 107 107 122 111 131 131 94 66 63 118 0 66 146 86 109 168 128 69 126 85 137 147 151 130 99 117 127 86 110 140 113 29 73 116 93 100 140 93 88 119 111 136 100 105 101 126 102 104 134 56 98 80 115 75 105 106 144 133 114 140 143 90 76 102 109 129 104 109 101 133 86 93 143 118 100 95 121 135 
97 103 109 62 80 58 82 124 48 69 78 86 112 81 85 149 64 13 97 24 65 50 84 77 70 78 101 77 77 67 92 98 66 87 109 54 80 71 49 39 112 149 105 112 84 31 63 143 39 101 69 81 87 86 106 139 74 108 25 93 146 0 134 20 86 143 106 30 80 76 99 88 103 64 53 92 96 49 79 74 101 136 100 79 84 70 82 81 22 130 90 98 36 79 64 60 94 78 88 46 73 14 104 103 40 97 119 67 87 75 135 65 89 64 78 104 79 98 62 95 47 85 116 88 75 75 116 84 
95 113 133 72 89 34 110 134 107 61 103 78 122 112 114 139 130 105 109 116 77 124 76 87 68 76 111 62 86 76 123 123 76 87 123 67 108 83 61 49 110 149 118 125 82 71 75 147 92 132 58 106 112 84 104 139 155 118 37 99 135 92 0 112 82 141 115 113 123 134 110 123 124 119 84 90 77 59 115 121 97 134 91 89 142 95 111 66 105 139 100 110 73 114 74 105 92 87 119 29 83 90 102 112 78 110 117 151 127 113 138 63 113 76 114 102 77 74 133 107 23 83 116 111 73 67 126 74 
77 106 89 65 95 76 94 127 64 52 58 66 118 80 81 134 106 115 100 4 45 95 64 84 50 58 107 59 68 58 72 78 69 67 89 34 97 51 29 46 92 129 85 92 64 11 43 123 19 81 49 61 67 66 86 119 110 88 5 90 126 102 114 0 79 123 86 75 60 92 79 91 102 75 33 72 79 56 62 115 94 116 80 86 100 50 62 63 67 134 97 78 16 59 67 76 74 76 68 26 79 30 84 88 60 92 99 119 67 95 120 45 89 44 61 84 59 81 107 75 68 65 96 68 55 58 102 90 
93 111 107 70 131 80 115 117 82 76 94 76 120 110 99 131 124 122 86 74 109 116 74 85 66 74 88 60 24 74 90 114 74 85 108 65 113 81 89 47 108 147 116 123 66 29 73 108 89 99 104 62 85 82 102 137 138 106 70 101 110 109 134 70 0 139 90 96 121 110 108 121 122 145 51 88 85 57 110 119 95 111 81 87 118 86 119 64 90 153 98 113 17 60 72 94 76 92 86 27 81 48 77 49 76 94 115 145 85 111 117 61 50 108 109 100 75 83 128 111 69 67 114 96 1 82 64 106 
83 117 147 76 103 81 105 138 111 70 117 58 136 129 128 51 80 91 118 102 124 73 90 101 82 90 125 76 100 90 132 140 80 101 138 81 103 100 78 63 60 92 129 63 96 105 92 57 106 141 105 92 121 98 118 153 124 132 84 108 144 121 124 98 96 0 104 53 137 148 84 116 128 142 93 77 115 73 129 97 111 125 138 103 116 112 120 80 45 138 114 145 87 90 78 118 41 89 128 43 97 124 91 126 67 124 131 168 114 102 37 77 127 123 128 116 66 113 85 70 70 97 130 125 87 76 99 121 
68 101 106 60 92 37 90 122 95 51 83 57 110 115 95 125 103 112 99 95 98 97 55 116 41 49 99 35 59 49 113 103 64 60 97 78 88 67 64 91 83 122 113 120 55 64 78 131 84 114 61 79 102 57 83 112 135 91 58 89 85 105 109 106 55 114 0 86 96 130 83 107 104 122 74 63 80 47 88 106 70 109 94 85 125 75 101 39 78 137 129 111 61 102 62 78 65 67 101 71 71 83 75 85 51 83 90 154 120 86 111 36 82 97 87 75 50 53 109 86 44 56 89 93 46 57 107 77 
115 82 118 91 50 28 52 103 78 55 97 109 136 106 75 143 34 45 67 56 71 20 109 95 93 101 82 89 107 97 117 93 95 93 104 86 50 77 55 71 126 155 119 126 105 63 69 149 71 110 52 84 106 75 112 145 71 117 31 75 129 86 156 52 109 139 85 0 112 137 97 117 93 96 78 81 71 81 109 87 71 135 85 107 145 89 105 93 54 100 108 94 68 82 43 103 115 48 97 78 105 82 112 106 72 114 142 141 61 91 129 90 107 70 108 93 104 68 32 101 17 63 122 105 100 61 102 68 
78 111 116 70 67 65 100 132 105 61 82 67 120 98 87 119 113 79 109 62 97 106 65 108 51 59 99 45 69 59 115 102 74 70 53 75 98 69 74 101 93 132 123 130 54 69 61 96 77 113 89 85 112 67 61 122 134 101 63 99 98 66 119 58 65 124 98 86 0 137 93 109 114 130 79 73 108 57 98 116 80 91 121 95 135 74 111 49 78 117 121 110 71 112 72 88 64 77 100 81 81 80 85 37 61 82 100 133 125 96 105 46 38 96 97 79 60 71 118 96 54 55 99 92 56 67 117 91 
73 69 72 28 97 42 86 90 53 31 9 62 84 90 91 100 95 98 79 68 24 102 60 103 46 54 73 43 64 54 66 101 32 65 93 53 84 61 39 65 88 114 81 88 54 69 53 106 57 64 28 72 68 32 83 104 104 71 66 42 105 85 114 84 63 119 82 89 101 0 58 90 80 89 27 38 42 21 25 83 28 84 61 90 8 73 76 47 83 140 116 57 35 70 30 79 64 63 51 45 45 88 80 63 56 21 95 116 83 91 86 41 45 23 24 80 55 60 114 85 52 55 94 91 51 10 82 82 
128 137 124 96 113 58 28 126 121 83 79 104 140 88 115 187 101 50 118 61 94 87 121 98 69 115 129 110 91 81 105 99 100 88 125 91 26 59 37 76 139 150 107 114 83 68 51 158 76 116 82 114 124 123 107 140 131 123 62 112 159 122 163 57 110 142 108 67 105 127 0 32 110 93 90 129 101 83 95 44 137 137 76 113 116 71 111 75 59 142 111 107 73 116 98 106 93 5 125 83 101 87 105 117 77 111 118 127 124 112 173 102 118 93 94 125 92 100 99 83 84 84 117 89 111 80 119 98 
102 106 110 65 85 100 131 127 92 70 48 101 111 130 139 169 128 123 86 99 63 141 99 89 85 93 100 80 102 93 105 68 69 104 126 115 129 80 108 104 108 131 75 82 93 106 122 156 96 114 67 82 107 101 76 121 100 95 100 81 144 110 132 130 78 158 76 128 73 169 103 0 104 128 66 107 81 60 64 122 106 106 100 129 84 40 80 43 122 135 102 76 74 107 67 118 103 108 101 84 72 124 119 110 95 102 134 155 134 126 155 80 111 62 63 94 94 99 122 120 89 94 133 58 79 49 119 120 
53 62 84 21 85 30 74 83 56 52 69 58 67 78 96 88 98 91 96 73 84 98 56 110 42 46 56 36 53 50 95 89 25 61 98 41 72 31 27 76 84 111 26 33 56 58 41 94 63 115 54 33 103 20 66 113 121 69 59 48 108 78 94 91 29 115 23 87 93 117 46 71 0 115 75 26 73 48 85 90 62 96 74 86 102 61 101 40 79 132 114 97 46 63 23 79 66 51 102 56 28 77 76 78 52 84 91 117 102 87 74 37 79 83 84 76 51 66 73 71 45 57 90 14 30 58 75 70 
86 79 114 38 117 73 108 100 73 45 101 75 88 113 22 143 115 80 93 55 96 115 73 43 59 67 77 53 46 43 107 121 42 78 115 61 106 84 62 15 101 140 91 98 73 51 76 130 84 106 97 82 96 75 87 130 141 106 56 69 132 67 127 87 22 132 92 97 111 99 91 113 90 0 68 81 105 25 104 87 88 117 103 54 107 93 95 57 89 155 56 120 39 80 40 93 83 85 103 49 49 70 93 71 69 75 108 134 107 104 129 54 72 95 103 93 68 87 99 104 62 74 107 104 23 51 86 97 
109 120 56 79 112 58 102 141 114 66 97 55 129 106 75 116 96 107 104 59 96 82 96 96 82 40 118 76 74 64 39 117 83 101 111 69 100 77 55 69 124 134 115 122 87 66 69 90 79 48 82 100 117 48 119 124 87 55 56 104 141 111 100 114 96 155 92 62 87 145 74 106 128 141 0 54 96 66 79 118 111 142 66 107 153 89 116 80 110 135 100 125 80 98 81 114 97 79 35 49 90 85 108 100 92 115 131 145 68 127 102 77 101 95 78 116 91 86 94 101 79 70 130 107 87 72 133 98 
55 88 93 47 59 4 48 109 82 31 43 44 97 52 82 62 90 70 79 81 58 84 42 84 28 36 86 22 46 36 69 63 51 47 84 65 46 23 1 74 70 109 100 74 42 51 15 68 71 101 28 66 82 44 70 99 95 78 45 69 105 79 96 77 42 101 75 64 83 91 20 52 74 89 54 0 47 34 59 64 57 96 61 72 99 35 75 26 56 106 97 71 48 89 49 65 52 25 88 54 58 59 62 72 38 70 77 91 107 73 48 23 73 57 58 62 37 59 89 47 31 43 76 53 33 37 83 44 
112 153 89 121 150 106 141 174 103 114 145 103 171 154 108 164 144 155 137 92 133 130 132 129 118 88 160 121 112 112 87 165 79 137 144 117 139 90 103 117 160 169 85 92 132 99 117 123 84 81 130 92 155 96 152 162 135 88 93 146 171 143 86 145 88 191 86 110 135 172 113 130 164 189 48 102 0 108 127 49 156 176 114 140 180 137 34 125 132 183 132 151 105 146 114 78 142 118 83 97 132 118 142 137 70 160 167 166 101 105 150 113 138 132 126 152 117 119 132 130 109 103 166 155 89 120 129 146 
61 54 89 13 103 48 83 75 48 44 76 50 63 108 88 118 90 83 92 87 91 90 48 82 34 42 52 28 52 42 106 96 17 53 90 62 81 71 57 44 76 115 66 73 48 57 71 123 59 81 72 57 95 50 62 105 118 84 51 44 131 70 102 83 48 107 67 79 89 123 66 88 65 133 67 56 80 0 79 62 63 92 78 78 98 68 94 32 71 130 95 104 14 55 15 71 58 60 94 24 24 76 68 78 44 76 83 111 101 79 104 29 79 90 78 68 43 62 102 79 37 49 82 79 39 50 67 72 
108 67 106 99 130 95 130 161 120 91 93 97 145 102 125 110 143 152 139 109 108 132 95 134 81 89 78 75 99 89 104 113 96 100 137 118 128 73 104 122 123 162 102 109 95 104 65 116 101 98 112 92 142 97 121 152 79 105 98 126 178 145 103 146 95 154 101 112 136 141 123 113 78 173 65 103 17 87 0 66 110 149 131 125 149 85 51 79 104 156 147 121 101 90 101 95 100 107 100 102 106 109 115 125 87 123 130 141 118 122 96 76 126 107 108 115 90 112 139 126 84 96 129 92 86 94 102 98 
156 149 151 108 153 98 154 170 143 72 132 137 170 159 160 211 185 136 120 83 124 173 143 178 129 135 135 123 147 137 134 157 112 146 164 113 152 130 108 151 171 208 161 168 122 90 122 182 125 143 122 97 123 143 165 198 166 150 84 110 191 123 174 143 143 192 106 153 139 123 126 158 160 183 95 149 141 107 135 0 151 127 155 171 131 129 122 127 145 203 191 147 121 150 110 120 132 131 130 131 131 109 93 155 69 113 178 190 146 104 197 124 156 123 134 163 68 128 185 154 132 123 175 147 134 78 162 138 
65 78 103 57 69 14 58 99 92 41 53 45 107 62 69 72 100 80 89 60 68 94 52 90 38 30 96 32 56 46 79 73 61 57 85 25 56 33 11 84 80 119 76 83 43 61 25 78 50 102 38 76 92 4 80 109 105 88 55 79 96 89 106 56 52 111 77 74 77 101 30 62 84 99 64 10 57 44 69 74 0 106 58 79 109 45 85 36 66 116 101 81 58 99 39 75 53 35 89 64 68 69 72 35 48 71 87 101 55 83 58 33 36 67 68 72 47 60 99 57 41 44 86 63 43 47 93 54 
123 126 130 85 116 110 144 147 120 72 79 10 135 107 96 128 129 131 120 71 94 115 110 117 96 104 124 90 80 70 124 99 89 115 105 84 143 78 96 113 138 162 135 140 63 78 70 55 86 122 98 124 93 112 107 152 131 129 72 110 96 118 163 67 110 169 118 95 127 146 129 118 129 142 88 109 112 72 95 134 125 0 131 112 154 71 111 94 87 90 130 107 83 122 87 120 73 122 109 93 96 97 123 46 78 91 145 145 134 113 114 91 47 93 94 125 98 80 127 141 99 64 144 89 101 78 92 136 
86 110 135 113 78 90 80 131 106 95 100 103 64 129 103 142 62 73 93 84 115 48 127 123 113 121 53 107 131 121 146 133 79 132 127 114 78 100 89 99 152 144 128 135 85 85 92 148 60 136 114 135 128 103 63 184 137 120 85 45 129 140 127 80 127 154 113 66 129 165 67 99 121 124 107 109 133 100 116 111 99 93 0 135 99 105 103 85 82 128 136 120 96 139 71 143 95 72 123 93 25 104 145 134 100 113 130 167 89 119 128 108 69 114 115 81 120 63 60 92 79 86 161 123 118 101 118 73 
93 64 117 45 130 80 107 107 80 76 54 82 76 125 120 145 114 115 105 113 69 100 80 141 66 74 65 60 84 74 111 128 49 85 122 98 105 103 84 110 108 147 98 105 80 89 98 151 72 109 73 89 113 77 75 137 149 116 83 57 150 102 134 115 80 139 98 108 121 45 79 111 75 134 72 83 87 66 70 123 73 105 106 0 53 100 115 64 103 162 154 102 80 87 47 103 90 84 96 90 37 108 100 108 76 66 115 143 128 56 131 61 90 68 69 93 75 75 112 104 69 81 114 89 71 55 99 85 
65 61 75 20 110 55 84 82 45 23 1 54 76 83 92 110 87 90 71 78 16 94 52 95 38 46 65 35 56 46 58 94 24 57 85 75 82 78 61 57 80 106 73 80 46 61 75 109 49 67 20 64 60 54 75 96 96 74 58 34 97 77 106 90 55 111 74 81 93 122 56 85 72 81 19 60 34 13 17 75 70 76 53 82 0 66 68 39 75 134 108 49 27 62 22 71 56 61 54 37 37 80 72 82 48 55 87 108 87 83 96 33 83 15 16 72 47 52 106 83 44 47 86 84 43 2 74 78 
72 66 82 25 45 60 91 87 52 30 8 61 71 90 99 129 88 86 78 77 23 101 59 49 45 53 60 40 63 53 65 28 29 64 92 82 89 83 68 64 68 91 78 85 53 68 82 116 56 74 27 69 67 61 36 81 60 73 63 41 104 73 92 93 60 118 79 88 100 129 63 52 64 88 26 67 41 20 24 82 66 66 60 89 106 0 40 44 82 95 62 36 34 67 27 78 63 68 61 44 32 87 79 89 55 62 94 115 94 86 115 40 72 22 23 54 54 59 94 90 49 54 93 18 50 9 79 80 
78 134 55 93 116 72 107 155 118 80 111 69 143 120 74 130 110 121 103 58 99 96 102 95 88 54 132 87 78 78 53 131 97 107 110 83 105 56 69 83 130 135 51 58 101 65 83 89 54 47 96 58 121 62 118 128 101 54 59 112 137 109 52 124 54 161 52 76 101 146 79 96 142 155 14 68 110 80 93 123 122 148 80 106 154 103 0 91 102 149 98 121 71 112 95 48 111 84 49 63 104 84 122 103 98 129 137 159 67 133 116 83 104 98 92 122 97 85 98 96 75 69 136 121 55 86 118 112 
129 86 67 118 147 100 113 180 107 104 110 118 164 132 133 185 149 121 152 56 97 158 116 151 102 110 153 121 120 110 124 130 122 119 106 86 111 103 81 123 144 136 123 130 116 63 95 156 111 114 101 128 119 117 114 126 162 52 57 96 178 108 166 128 126 175 120 138 112 144 118 143 97 162 85 123 143 112 126 129 156 144 134 144 152 102 142 0 130 186 97 130 123 126 120 128 126 90 120 103 125 82 136 140 112 144 151 170 119 147 171 97 141 96 125 132 111 114 139 127 89 117 148 111 107 110 121 83 
116 90 126 99 58 36 60 111 66 63 105 117 144 114 83 151 42 53 75 64 79 28 117 103 101 109 90 97 115 105 125 101 103 101 112 94 58 85 63 79 134 163 127 134 113 71 77 157 79 118 60 92 114 83 99 153 79 125 39 83 137 94 157 60 117 147 93 8 120 145 105 106 101 104 86 89 79 89 97 52 79 129 93 115 153 97 113 101 0 108 116 102 76 90 51 111 123 56 105 86 113 90 120 114 80 122 150 129 69 99 137 98 107 78 96 101 112 76 40 109 25 71 130 113 108 69 110 76 
104 100 114 59 149 94 123 121 84 62 40 93 115 122 131 88 126 106 110 117 55 133 91 134 77 85 104 74 95 85 97 133 63 96 124 114 121 110 88 96 119 145 112 119 85 100 102 125 88 106 59 103 99 93 114 135 135 113 97 73 136 93 145 113 81 150 113 120 132 161 95 124 111 120 58 99 73 52 56 114 109 86 92 121 150 105 107 78 114 0 82 88 66 101 61 110 95 100 93 76 76 107 111 121 87 94 126 147 126 122 147 72 122 54 55 111 86 91 145 122 83 86 125 66 82 41 2 117 
106 100 102 59 85 69 93 121 59 46 48 95 109 57 96 160 75 24 94 35 63 61 93 88 58 87 98 74 54 44 74 68 63 98 114 65 91 28 6 50 108 120 101 108 72 42 20 118 45 112 67 90 97 95 76 121 85 113 36 81 141 11 132 31 94 131 87 41 91 87 103 68 79 75 64 101 81 46 64 85 106 106 100 90 95 40 80 78 33 111 0 76 47 90 61 39 82 84 99 57 70 25 74 80 51 80 107 78 98 86 146 74 81 62 63 94 81 89 73 52 58 73 127 58 84 49 88 95 
115 122 124 81 91 71 93 143 96 45 123 110 143 146 116 147 52 63 93 74 115 100 109 120 101 108 108 95 59 109 107 92 85 120 137 100 91 93 95 82 32 165 88 95 95 64 109 153 89 116 95 70 96 116 137 172 124 123 75 83 164 96 142 70 91 111 79 80 106 145 99 131 128 114 68 122 65 80 108 98 130 100 116 122 153 115 95 99 72 141 133 0 52 95 83 93 105 104 103 62 104 83 66 140 42 104 150 159 102 77 133 96 137 114 107 135 41 101 73 89 97 96 149 131 36 51 99 111 
76 94 114 53 118 63 98 115 88 59 91 59 103 123 103 133 111 105 107 103 106 105 57 68 49 57 92 43 67 57 121 111 57 68 105 48 96 94 72 30 91 130 99 106 63 72 86 128 73 121 87 45 110 65 85 120 143 99 66 84 145 92 117 112 63 122 96 94 104 115 91 123 105 148 82 71 68 40 96 102 78 115 64 70 123 83 102 47 86 139 81 119 0 43 55 86 73 75 109 10 64 91 83 93 59 91 98 151 128 94 119 44 94 105 95 83 58 80 114 94 52 64 97 92 54 65 86 89 
90 116 97 75 95 77 92 137 102 69 58 57 116 128 116 129 125 98 116 100 73 119 77 97 63 71 105 57 81 71 94 78 79 65 72 32 93 88 77 59 105 127 83 90 30 86 91 131 57 89 77 2 110 79 80 117 110 96 80 87 143 85 111 105 77 136 84 108 107 135 67 99 109 138 55 76 25 69 74 67 92 110 93 90 143 50 59 61 100 133 110 86 29 0 77 100 40 72 76 39 77 99 90 107 66 58 112 152 109 101 124 58 91 72 73 97 65 47 130 108 66 31 94 68 68 59 43 89 
103 39 131 71 101 46 99 60 106 73 67 91 117 100 146 138 120 117 121 123 82 106 106 108 50 96 106 86 94 100 124 87 75 111 106 91 97 81 73 117 127 123 76 83 64 83 87 144 93 123 70 83 124 70 75 113 119 119 49 98 147 104 144 124 70 123 73 134 141 139 96 111 50 131 85 76 89 79 83 115 112 105 103 136 147 59 99 90 126 120 121 95 87 113 0 87 74 76 110 97 78 102 98 119 74 92 99 163 139 109 124 87 111 81 82 93 73 81 118 119 35 65 140 64 71 68 74 86 
67 104 104 63 112 66 89 120 98 50 82 56 113 114 94 124 96 107 98 107 97 82 54 115 40 48 102 53 58 48 102 102 67 59 96 77 87 67 63 91 82 121 62 69 54 63 77 130 6 96 90 69 101 56 82 111 79 103 76 88 142 104 101 105 65 113 63 62 95 129 82 107 103 149 63 62 96 50 87 105 88 108 110 84 111 74 49 57 54 136 128 73 61 71 65 0 64 66 98 71 74 82 74 84 50 82 89 153 116 85 110 35 85 96 86 74 49 71 94 85 62 55 88 92 45 56 106 80 
91 106 108 65 95 40 84 127 100 29 79 17 127 88 118 98 111 93 77 104 94 120 78 120 64 72 92 58 82 72 91 99 69 83 120 81 82 59 37 108 106 139 118 110 78 87 51 104 82 100 64 51 80 65 106 129 131 107 81 67 103 80 131 100 78 137 63 100 119 127 56 88 110 125 52 36 74 64 92 82 93 84 97 108 135 71 79 62 92 97 133 104 78 49 67 77 0 61 87 88 88 94 50 108 26 88 113 127 120 61 84 59 109 93 91 98 25 85 125 83 67 79 112 89 69 35 58 80 
129 132 119 91 111 84 23 121 116 78 74 99 135 83 110 186 96 45 126 56 89 82 116 93 84 110 124 106 86 76 100 94 95 83 140 86 21 54 32 71 134 145 129 136 98 63 46 153 71 111 93 113 119 118 102 135 126 118 57 107 170 117 158 52 110 157 113 62 112 122 129 94 105 88 85 124 107 78 90 39 132 132 71 108 130 66 106 110 54 137 106 102 68 111 93 121 108 0 120 78 96 82 100 112 72 126 133 122 119 107 172 97 113 88 89 120 107 115 94 78 79 99 112 84 107 75 114 124 
74 87 21 47 78 23 67 108 82 50 62 20 116 71 40 81 83 89 69 24 65 69 61 61 47 5 86 41 65 55 53 82 51 66 76 34 65 42 20 83 89 104 80 87 52 31 34 55 44 13 47 85 87 13 84 94 101 20 25 78 106 76 65 96 61 120 57 76 52 110 39 71 93 106 14 19 61 53 44 83 76 114 67 72 118 54 87 45 75 100 65 90 67 89 48 84 62 44 0 63 77 50 81 89 57 80 96 110 33 92 67 42 90 64 43 81 56 51 81 66 50 35 95 72 52 56 101 63 
66 84 104 43 108 53 88 105 78 49 81 49 93 113 93 123 101 95 97 93 96 95 47 58 39 47 82 33 57 47 111 101 47 58 95 38 86 84 62 20 81 120 89 96 53 62 76 118 63 111 77 77 100 55 75 110 133 89 56 74 135 82 107 102 53 112 86 84 94 105 81 113 95 138 72 61 96 30 86 92 68 105 108 60 113 73 99 37 76 129 71 109 44 85 45 76 63 65 99 0 54 81 73 83 49 81 88 141 118 84 109 34 84 95 85 73 48 70 104 84 42 54 87 82 44 55 97 79 
61 129 110 88 120 65 70 141 85 70 75 78 39 130 123 117 105 92 68 99 90 91 102 126 88 96 28 82 106 96 121 121 54 107 115 106 68 101 79 88 127 119 103 110 73 60 93 123 35 111 89 110 103 104 38 159 142 95 68 20 134 123 102 99 102 129 104 71 104 141 42 74 140 135 82 110 108 75 91 86 117 68 118 128 74 93 78 60 83 158 139 95 89 130 90 118 83 47 98 68 0 79 122 114 94 101 105 148 116 129 103 83 74 89 90 56 97 38 103 67 54 74 136 111 93 76 93 48 
103 96 131 55 114 59 117 117 34 69 71 92 105 67 124 156 76 87 117 98 62 124 90 124 68 84 94 70 94 84 114 108 59 84 124 104 115 68 46 86 118 146 108 115 82 99 60 162 52 123 66 99 106 92 104 136 104 126 22 86 135 112 144 94 90 141 109 104 131 62 96 74 89 127 89 98 82 42 65 104 90 134 99 109 70 80 95 74 96 121 137 95 56 97 57 46 92 94 113 66 66 0 110 120 86 83 117 97 143 121 142 71 75 61 64 110 85 99 134 92 76 83 113 98 81 72 109 70 
81 86 114 45 105 50 61 107 80 64 71 44 123 80 108 138 116 83 112 94 86 110 68 111 54 62 112 48 72 62 97 91 49 73 110 49 59 51 29 73 96 131 88 95 68 77 43 89 74 127 74 16 115 70 96 121 121 104 71 102 98 102 122 90 68 127 13 99 109 119 33 65 97 126 87 76 59 60 42 77 83 34 107 98 127 63 93 52 91 124 124 99 43 86 47 91 78 38 114 53 84 87 0 80 64 96 103 119 133 99 124 49 81 85 41 88 63 66 117 75 57 69 102 81 59 70 99 90 
77 103 84 62 82 64 98 124 85 56 45 44 108 61 50 82 83 85 103 25 60 69 64 71 50 58 97 44 64 54 78 65 66 69 59 38 97 32 50 67 92 126 89 94 17 32 24 59 40 76 64 78 88 66 67 118 97 83 26 74 61 72 118 21 64 123 72 49 81 100 83 72 83 96 42 63 78 56 61 93 79 90 97 82 108 37 77 48 41 115 84 73 37 76 64 87 27 76 63 47 69 51 77 0 53 45 99 99 88 88 68 45 1 59 60 84 52 34 81 95 53 18 98 55 55 46 85 90 
99 92 127 51 141 86 121 113 86 82 114 88 101 146 126 156 128 121 130 125 129 128 86 120 72 80 90 66 90 80 144 134 55 91 128 100 119 109 95 82 114 153 104 111 86 95 109 161 97 119 110 95 133 88 100 143 156 122 89 82 169 108 140 121 86 145 105 117 127 161 104 126 103 171 105 94 118 38 117 56 101 130 116 116 136 106 132 70 109 168 133 142 52 93 53 109 96 98 132 62 62 114 106 116 0 114 121 149 139 35 142 67 117 128 116 106 81 100 135 117 75 87 120 117 77 88 105 110 
104 117 51 77 108 53 97 138 107 80 92 50 146 101 70 111 113 119 99 47 88 99 91 91 77 35 116 71 95 85 83 112 81 96 106 64 95 72 50 113 119 134 110 117 82 54 64 85 74 43 77 115 110 43 114 124 131 50 48 108 136 106 95 126 91 150 87 106 82 135 69 101 123 136 44 49 91 83 74 113 106 129 97 102 143 84 117 75 105 130 95 120 97 119 78 114 92 74 30 93 107 73 111 119 87 0 126 140 63 122 97 72 120 87 73 111 86 81 111 96 80 65 125 102 82 86 131 93 
59 69 105 81 37 68 39 90 65 80 90 65 131 99 62 75 21 32 54 43 84 7 96 82 80 50 69 76 81 86 111 110 85 99 91 73 37 70 48 58 84 116 106 39 94 50 62 81 58 97 88 100 72 58 99 143 116 104 44 62 151 99 100 39 96 24 72 45 97 124 60 92 80 83 72 64 106 68 89 89 58 102 87 94 132 82 101 80 37 87 95 81 55 98 30 115 65 65 84 65 92 69 115 93 59 122 0 128 48 78 61 77 94 83 88 112 90 66 19 77 62 50 128 94 87 86 89 89 
108 120 115 79 113 72 109 141 114 87 76 75 134 120 127 82 118 116 134 118 91 104 95 115 81 88 123 75 99 89 105 96 83 69 90 50 107 91 69 77 123 131 101 94 48 104 83 88 75 107 95 20 128 62 98 121 7 114 98 81 146 103 129 114 95 154 61 84 125 139 81 113 113 156 66 68 43 87 90 85 58 82 111 94 147 68 77 79 76 151 128 104 47 18 81 84 58 86 94 57 95 117 48 93 84 76 130 0 113 29 68 76 94 90 89 115 83 65 116 101 84 49 98 86 86 49 61 107 
61 94 82 53 103 48 83 115 87 44 76 50 102 105 14 118 96 69 87 80 91 87 48 35 34 42 92 28 52 42 65 96 56 53 43 71 81 76 54 84 76 115 105 112 48 57 68 116 11 74 72 72 95 50 51 105 113 81 51 45 109 56 102 76 48 107 24 67 78 91 67 97 85 120 26 56 91 40 81 99 63 81 92 46 99 68 54 32 59 130 48 78 54 95 55 71 58 60 61 64 64 70 68 78 44 76 83 123 0 79 104 29 62 90 80 64 43 18 99 79 37 2 82 86 39 50 100 74 
146 139 161 98 118 133 120 160 133 129 161 135 144 180 143 203 137 142 135 150 176 175 133 164 119 127 133 113 137 127 191 181 102 138 172 156 118 151 129 168 161 200 151 158 133 142 143 209 140 178 157 142 180 135 143 190 203 146 136 125 216 155 187 149 133 192 152 159 174 208 147 173 150 193 152 141 165 125 164 184 139 173 168 163 179 153 179 117 151 168 177 162 139 140 100 156 143 145 165 149 105 161 153 163 129 161 168 196 129 0 189 114 164 175 163 153 128 143 100 164 122 131 167 91 124 135 152 153 
46 80 110 39 66 44 68 101 74 33 80 21 99 92 91 14 50 61 81 72 87 36 53 64 45 53 88 39 63 53 95 103 43 64 101 44 66 63 41 26 87 104 92 26 59 68 55 20 69 104 68 55 84 61 81 116 87 95 47 71 107 84 87 68 59 118 67 16 100 111 47 79 91 112 56 40 78 36 92 60 74 88 101 66 79 75 83 43 8 101 77 108 50 53 41 81 4 52 91 6 60 87 54 89 30 87 94 131 77 65 0 40 90 86 91 79 29 76 48 33 33 60 93 88 50 39 62 84 
32 69 86 28 84 31 54 90 63 15 47 21 78 79 59 89 67 76 63 74 62 61 19 80 5 13 67 43 23 13 77 67 32 24 61 42 52 50 28 56 47 86 81 88 19 28 42 95 48 78 55 43 66 21 47 76 99 85 65 53 107 69 73 70 63 78 52 50 60 94 47 79 68 114 38 27 69 15 52 70 78 73 75 49 89 39 65 43 42 101 93 75 26 69 30 42 29 31 65 36 39 47 39 49 15 47 54 118 84 50 75 0 50 61 51 39 14 36 73 50 51 20 53 57 10 21 71 45 
76 102 83 61 81 63 98 123 88 55 44 43 107 60 49 81 82 84 102 86 59 68 63 70 49 57 96 43 63 53 77 64 65 68 58 86 96 31 63 93 91 125 108 93 16 68 23 87 88 75 63 77 96 65 66 117 96 82 59 73 60 71 117 91 63 122 71 48 93 99 82 71 82 124 41 62 77 55 60 92 78 89 96 81 107 36 76 47 40 114 83 72 69 75 63 86 26 75 62 73 68 67 76 89 52 44 98 98 95 87 67 44 0 58 59 83 51 33 80 94 52 17 97 54 54 45 84 89 
58 74 87 33 100 45 80 95 68 8 73 47 83 68 85 115 86 96 56 85 1 86 45 102 31 39 72 25 49 39 70 86 37 50 70 68 78 76 54 64 66 112 86 93 45 54 68 121 61 79 5 69 45 47 73 102 118 81 48 46 82 83 99 96 45 104 78 76 86 107 68 100 85 66 31 53 88 20 78 82 60 88 38 75 115 65 58 29 68 122 115 34 34 75 35 56 55 57 66 44 44 73 65 75 41 67 80 131 99 76 101 26 76 0 77 65 40 62 98 76 34 46 79 83 36 14 87 71 
52 45 73 4 94 39 74 66 39 35 67 41 94 99 79 109 81 74 83 78 82 81 39 100 25 33 79 19 43 33 97 87 8 44 81 62 72 62 48 75 67 90 57 64 39 48 62 115 68 98 63 48 86 41 67 80 80 75 42 73 122 61 93 74 39 98 58 70 80 114 67 79 56 124 58 47 18 31 1 67 54 93 95 69 109 59 52 23 62 121 113 95 45 46 6 62 49 51 85 55 55 67 59 69 35 67 74 102 104 70 95 20 70 81 0 59 34 56 93 70 28 40 73 70 30 41 58 65 
94 90 71 79 86 81 88 139 106 73 62 61 125 78 67 99 70 81 103 60 77 56 81 88 67 75 114 61 81 71 95 82 83 86 76 90 86 49 81 107 109 137 126 88 34 67 41 105 106 93 81 95 114 83 84 127 114 56 61 91 78 89 135 88 81 73 89 66 111 117 100 89 100 132 59 80 95 73 78 110 96 107 114 99 125 54 94 4 58 132 101 90 87 93 79 104 44 93 80 91 86 85 94 107 70 62 49 116 97 105 85 62 18 76 77 0 69 51 68 112 70 35 115 72 72 63 102 87 
88 81 83 40 85 30 86 102 75 4 82 69 102 105 102 143 117 68 52 79 97 105 75 121 61 67 67 55 79 69 66 102 44 80 96 62 84 76 54 83 103 142 93 100 54 84 68 114 57 75 54 29 55 75 101 132 114 82 78 42 123 55 106 75 75 124 38 85 114 131 58 90 92 115 27 81 73 39 67 57 90 59 87 105 137 74 54 59 77 135 127 79 53 82 42 52 64 63 62 63 63 69 25 105 1 63 110 122 95 36 129 56 106 96 66 95 0 60 117 100 64 55 109 92 66 10 94 70 
125 118 120 77 167 112 147 139 91 108 140 114 167 166 139 143 133 144 69 123 155 154 112 160 98 104 156 92 116 106 152 160 60 117 154 133 145 114 115 148 128 179 109 116 112 121 129 149 141 112 136 116 159 112 126 169 161 119 115 146 192 134 164 126 112 92 110 143 151 187 137 131 129 195 113 118 139 104 122 163 127 156 166 142 182 132 158 96 135 194 164 96 118 119 79 135 122 124 99 128 128 140 132 142 108 140 147 154 132 143 129 93 132 154 121 132 107 0 156 143 101 113 146 143 103 114 110 138 
83 50 86 82 18 57 20 71 81 73 71 79 128 80 43 139 37 42 35 53 86 79 77 64 61 70 50 57 81 71 94 91 85 80 72 83 18 51 29 68 94 134 87 94 75 60 43 120 40 78 81 94 116 78 80 124 123 85 54 74 138 85 124 49 77 107 53 59 107 119 96 91 61 93 55 84 100 69 87 103 92 110 68 75 127 63 83 61 51 68 77 62 65 108 11 98 85 80 65 75 89 61 97 107 69 103 110 116 29 59 125 58 91 85 86 93 72 47 0 75 46 31 109 75 68 72 70 70 
87 80 82 39 118 74 91 74 74 3 81 76 129 132 101 142 116 101 51 85 96 108 74 122 60 66 118 54 78 68 65 101 43 79 95 95 89 97 81 95 102 76 92 99 53 83 95 116 56 74 98 83 54 74 89 131 113 81 77 41 157 96 105 108 74 123 93 88 113 139 63 95 91 152 26 80 106 66 97 107 89 83 92 94 144 73 53 58 97 156 126 78 80 81 41 51 63 68 61 75 90 102 94 104 70 62 109 137 94 105 128 55 105 95 96 94 69 59 120 0 63 54 108 91 65 9 93 100 
111 115 117 74 66 11 87 136 101 38 80 92 119 89 118 168 130 82 86 93 54 116 98 121 84 92 98 78 90 80 100 100 78 76 100 109 85 60 38 91 119 138 127 134 88 48 52 151 91 109 35 118 89 100 108 128 132 116 14 76 112 69 140 89 98 143 119 99 135 128 88 100 111 96 61 106 54 73 96 103 113 118 68 101 136 72 88 82 91 116 134 87 87 116 76 86 98 64 96 71 93 67 106 116 94 97 133 128 104 107 154 79 117 53 95 118 93 51 126 84 0 89 105 90 89 44 118 51 
59 92 80 51 101 46 81 113 86 42 74 48 101 106 86 116 94 67 85 78 89 88 46 107 32 40 90 26 50 40 63 94 55 51 41 69 79 77 55 82 74 113 104 111 46 55 69 114 71 72 70 70 93 48 49 103 111 79 49 56 120 54 100 74 46 105 54 77 76 121 74 106 95 118 24 54 89 38 79 97 61 79 90 76 116 66 92 30 69 128 120 102 52 93 53 69 56 58 59 62 62 68 66 76 42 74 81 121 92 77 102 27 60 88 78 66 41 16 100 77 35 0 80 84 37 48 98 72 
105 86 114 57 54 34 56 107 75 35 80 38 103 103 79 104 51 35 71 46 87 37 92 99 78 86 86 72 56 86 97 110 61 97 94 76 54 74 58 61 78 33 110 117 85 53 66 125 61 106 58 65 86 86 102 23 88 105 47 73 124 91 115 42 92 143 74 17 102 134 77 109 97 86 58 57 77 71 90 61 88 95 91 101 138 86 85 76 9 104 112 46 58 70 47 83 21 65 93 68 64 72 61 122 37 94 126 138 65 72 105 73 113 86 89 110 36 69 36 104 34 53 0 50 82 41 18 74 
55 48 70 7 97 42 77 69 42 38 70 44 53 102 82 112 84 77 82 59 85 84 42 103 28 36 42 22 46 36 100 90 11 47 84 65 75 65 51 78 70 109 60 67 42 51 65 118 49 101 66 51 89 44 52 99 112 55 45 34 125 64 96 77 42 101 61 73 83 117 56 82 59 127 61 50 74 34 73 93 48 82 98 72 88 62 88 26 65 124 100 98 48 49 9 65 52 54 88 58 14 70 62 72 38 70 77 105 103 73 98 23 73 84 72 62 37 52 96 73 31 43 76 0 33 44 61 62 
92 110 106 69 134 79 114 116 81 75 107 75 119 114 98 149 123 121 123 109 109 115 73 84 65 73 87 59 23 73 89 127 73 84 121 64 112 110 88 46 107 146 115 122 79 28 102 140 89 98 103 61 84 81 101 136 137 105 69 100 161 108 133 128 79 138 108 95 120 109 107 121 121 164 50 87 84 56 112 118 94 131 80 86 117 99 118 63 102 152 97 135 16 59 71 93 89 91 85 26 80 47 99 109 75 107 114 144 84 110 135 60 110 108 111 99 74 96 127 110 68 80 113 95 0 81 63 105 
78 71 73 30 109 65 82 92 65 61 72 67 120 123 92 133 107 92 109 76 87 99 65 113 51 57 109 45 69 59 56 92 34 70 86 86 80 88 72 86 93 132 83 90 44 74 86 107 47 65 89 74 112 65 93 122 104 72 68 32 148 87 117 99 65 124 84 79 104 140 54 86 82 143 17 71 97 57 88 98 80 74 83 95 135 64 90 49 88 147 117 100 71 72 32 88 54 59 52 66 81 93 85 95 61 53 100 128 85 96 119 46 96 86 87 85 60 50 111 96 54 45 99 82 56 0 84 91 
182 190 194 149 200 168 138 203 169 152 130 94 205 191 180 86 211 160 200 155 145 197 169 201 155 163 175 164 111 154 177 183 153 174 189 168 136 162 147 186 197 197 202 209 147 116 154 123 170 186 149 180 172 171 191 187 215 193 156 163 180 183 223 151 171 228 196 177 210 197 110 142 201 203 138 177 163 142 146 154 199 84 182 196 151 155 195 168 169 90 172 178 156 191 151 181 157 115 173 166 166 135 189 130 146 175 204 229 172 181 198 150 131 144 145 189 164 164 200 193 173 148 164 156 160 131 0 195 
86 104 123 63 72 17 93 125 98 44 86 69 113 95 113 143 121 88 92 99 60 115 67 78 59 67 102 53 77 67 106 106 67 78 106 58 91 66 44 40 101 140 109 116 73 54 58 138 83 115 41 97 95 75 95 130 138 109 20 82 118 75 127 95 73 132 106 104 114 125 94 106 115 102 67 81 60 50 102 109 88 124 74 80 133 78 94 57 96 122 91 93 64 105 65 92 83 70 102 20 74 73 93 103 69 101 108 134 110 104 129 54 104 59 101 93 68 57 124 90 6 74 107 96 64 50 117 0 
