0 149 175 145 186 141 132 263 139 215 240 154 231 165 119 146 205 175 159 125 131 158 124 235 113 29 164 122 197 179 169 168 111 193 71 168 245 177 159 149 114 120 146 242 139 257 94 178 75 101 167 146 150 219 215 229 144 170 182 150 147 195 161 156 
232 0 172 223 115 196 152 283 150 228 260 139 252 185 191 131 59 185 154 198 283 133 149 225 242 181 219 203 163 236 167 195 263 183 169 139 258 212 225 169 149 140 136 189 194 268 106 233 214 199 227 166 140 211 228 178 207 268 174 185 175 99 156 211 
164 128 0 154 81 127 111 242 53 158 207 42 162 144 105 173 187 13 132 101 191 218 136 128 168 84 148 134 129 155 91 99 166 86 57 147 188 146 128 118 93 99 173 194 125 171 121 162 102 113 132 125 43 114 194 198 56 156 106 129 78 170 134 142 
171 131 202 0 77 158 114 243 49 154 203 38 118 141 155 161 190 123 88 3 187 214 132 124 149 65 112 130 125 57 120 95 147 82 107 144 132 138 120 131 105 102 161 169 156 167 109 126 90 109 115 128 39 110 190 190 106 139 129 121 34 162 90 104 
152 54 179 108 0 81 37 168 95 200 145 146 137 70 149 138 113 147 116 111 219 187 90 170 154 126 104 88 48 165 144 106 207 128 119 73 230 97 144 54 97 25 99 113 79 210 128 118 142 84 139 51 85 156 113 200 110 188 159 113 120 121 118 96 
114 99 171 147 45 0 82 154 109 177 190 154 182 115 68 146 158 66 145 134 205 138 127 184 73 140 23 125 93 188 63 90 215 142 50 118 207 81 63 99 100 70 142 158 118 141 94 37 95 104 58 96 99 170 158 133 49 149 78 32 134 105 147 15 
115 68 142 74 86 54 0 131 58 163 159 109 110 33 117 101 127 120 79 77 182 192 53 133 127 89 77 51 134 131 108 104 170 91 104 36 193 111 117 27 60 39 62 145 52 176 131 91 149 47 112 14 48 119 161 187 73 200 123 86 83 124 81 69 
138 120 17 60 69 144 103 0 70 173 211 59 151 125 92 149 179 30 121 63 51 78 94 145 182 98 47 149 117 103 87 114 64 103 74 128 192 105 87 120 110 91 154 182 142 188 118 61 119 128 82 117 60 131 168 157 73 173 99 120 67 129 123 137 
162 108 186 104 125 135 91 222 0 154 199 142 109 124 146 145 167 114 79 107 267 209 83 224 140 56 103 81 161 161 111 138 138 182 98 127 184 129 111 108 73 79 124 201 133 118 160 117 143 60 106 105 139 210 174 181 103 142 126 109 25 153 81 95 
159 188 233 161 143 216 180 252 160 0 288 199 246 213 166 192 198 152 153 131 290 268 161 282 57 188 121 211 191 84 149 73 243 240 196 109 30 167 149 189 186 168 135 67 214 177 140 135 234 190 144 194 197 247 127 95 147 166 164 194 162 191 155 218 
144 124 87 103 162 151 107 160 104 148 0 129 207 62 142 161 183 100 109 106 147 174 82 215 197 160 161 80 177 160 126 8 199 173 143 65 178 144 126 124 89 95 91 2 149 112 153 175 188 76 121 43 130 182 62 196 102 221 141 125 129 146 111 153 
146 93 193 115 39 120 76 207 11 116 165 0 120 103 132 156 152 98 90 59 149 176 94 86 126 42 114 92 87 113 95 57 124 44 84 106 146 104 86 93 84 64 132 152 118 129 135 128 129 71 90 90 1 72 152 156 68 153 91 120 36 128 92 106 
138 118 196 114 156 145 101 232 108 154 209 152 0 56 140 155 177 177 103 117 234 251 92 216 191 164 134 91 171 171 138 168 193 192 183 59 184 159 174 118 83 89 85 211 143 226 166 148 204 70 169 115 149 220 184 242 113 109 151 119 133 163 105 160 
82 62 140 58 124 89 45 176 52 206 153 96 145 0 84 99 121 148 47 61 213 195 37 178 135 108 112 35 115 115 82 112 137 136 127 3 190 103 141 62 27 33 29 155 87 170 110 126 148 14 147 59 93 164 128 187 57 194 95 63 77 108 49 104 
179 123 119 145 69 150 106 237 41 146 202 86 150 133 0 78 182 132 96 130 179 206 124 116 156 72 144 122 117 184 114 87 154 74 89 127 176 134 116 123 114 94 78 182 148 159 26 158 134 101 147 120 31 102 182 166 98 183 121 150 66 87 98 136 
109 75 41 121 47 128 84 215 19 124 173 8 128 111 95 0 134 54 98 67 157 184 100 94 123 50 122 98 95 121 36 65 132 52 92 114 154 112 94 101 73 72 140 160 126 137 121 136 137 77 98 98 9 80 160 164 76 161 51 109 44 136 68 114 
173 110 140 164 56 137 93 224 115 188 201 107 193 126 132 99 0 153 95 151 224 243 146 193 183 149 160 144 104 205 135 162 214 151 110 80 218 153 173 110 90 81 77 169 135 233 47 174 155 140 168 107 108 172 169 119 166 209 115 126 140 40 97 152 
213 115 201 141 157 114 98 229 105 188 206 168 198 131 92 160 174 0 125 139 226 248 138 208 177 161 135 136 205 193 175 167 243 166 44 134 218 158 175 115 80 86 160 181 112 223 108 149 89 115 170 112 123 194 229 245 158 143 190 116 130 179 127 129 
180 160 213 139 205 187 143 196 150 283 152 177 243 98 182 197 219 101 0 142 247 274 118 263 88 154 210 116 213 183 173 143 235 221 145 101 271 201 222 160 125 131 127 154 185 247 196 224 190 112 245 79 178 249 116 268 138 244 188 161 173 189 2 202 
168 156 257 197 131 174 168 240 179 181 237 226 115 171 152 218 215 120 85 0 261 288 181 268 146 62 109 179 179 54 117 144 144 226 104 174 211 135 117 157 154 156 196 239 172 227 166 123 149 158 112 164 183 217 201 187 135 136 132 118 31 159 87 101 
153 136 44 132 116 159 119 225 97 122 222 86 100 74 110 98 195 57 70 135 0 27 43 172 131 47 94 109 164 52 102 129 92 130 89 77 152 120 102 136 101 107 103 189 157 212 121 108 134 88 97 115 87 158 186 172 100 134 117 103 16 114 72 86 
180 146 112 148 103 184 140 205 90 95 233 79 199 107 83 71 205 125 142 138 228 0 16 165 131 121 193 125 151 103 107 136 203 123 157 110 125 183 165 157 134 128 124 162 182 208 94 207 202 121 169 88 80 133 216 166 147 185 122 170 115 87 139 185 
173 141 171 132 87 168 124 189 143 219 232 138 224 91 163 130 200 184 126 135 240 267 0 224 115 135 191 109 135 189 166 170 217 182 141 94 249 184 170 141 118 112 108 200 166 261 78 205 186 105 199 72 139 203 200 150 131 240 146 154 166 71 128 183 
189 150 107 113 173 177 133 264 140 30 241 149 163 137 173 147 209 120 133 116 63 90 106 0 87 110 151 123 198 114 165 103 155 193 152 139 60 183 165 150 115 121 147 97 175 207 95 165 76 102 160 147 150 220 157 125 145 196 180 151 79 177 135 149 
275 234 293 104 181 235 218 309 153 195 307 142 222 211 220 252 293 227 183 107 291 250 231 228 0 169 208 229 228 161 210 55 251 186 211 167 225 242 224 235 209 206 165 262 260 159 200 222 194 213 219 192 143 214 293 272 210 243 225 217 138 193 185 200 
194 161 199 139 157 112 144 266 131 186 252 166 240 177 90 158 176 146 171 137 224 250 136 206 84 0 135 134 205 191 143 139 82 164 42 180 216 148 130 161 126 132 158 253 110 243 106 149 87 113 138 158 121 192 186 200 156 141 158 144 156 172 156 127 
91 76 148 125 22 103 59 131 86 177 167 131 159 92 45 123 135 43 122 128 182 209 104 161 176 117 0 102 70 182 40 67 192 119 87 95 207 58 40 76 77 47 119 135 101 171 71 14 132 81 35 73 76 147 135 110 26 151 55 73 111 82 124 118 
130 96 173 23 89 125 112 191 72 177 220 61 141 93 116 132 155 146 111 26 210 229 2 147 117 88 135 0 137 80 57 96 170 105 130 96 155 87 106 109 94 100 110 192 123 190 80 149 113 98 138 74 62 133 202 152 22 162 72 130 57 73 113 127 
182 167 206 95 113 68 150 222 144 165 258 133 213 183 136 165 226 134 178 98 198 206 143 135 141 160 91 141 0 152 131 158 242 177 118 186 195 149 131 167 133 138 165 226 66 209 113 105 94 120 126 164 134 205 65 201 117 217 146 100 129 173 180 83 
189 174 246 223 120 201 157 229 184 127 265 229 257 190 143 221 233 141 220 226 207 234 202 259 184 130 107 200 168 0 138 165 212 217 172 193 157 156 138 174 175 145 217 194 199 269 169 112 217 179 133 171 174 245 233 208 133 82 153 180 209 180 222 166 
73 39 167 85 120 99 55 186 62 183 163 123 155 88 59 126 98 141 82 88 204 172 64 175 170 102 122 62 136 142 0 124 184 133 137 91 213 115 138 72 37 43 117 137 97 180 85 112 148 41 133 69 90 161 155 208 84 204 15 73 87 135 84 114 
228 194 238 197 154 200 191 254 188 140 280 177 291 156 165 197 253 174 128 200 305 195 176 263 197 219 153 174 202 224 155 0 293 221 180 159 170 200 193 208 183 179 110 207 233 104 145 167 225 170 188 137 178 249 244 217 179 226 170 162 213 138 130 145 
259 222 283 235 190 145 205 299 225 308 272 250 264 238 184 242 171 211 238 238 349 283 258 300 218 256 168 256 238 292 208 168 0 258 195 223 338 159 208 181 233 193 220 274 206 272 190 182 240 249 203 219 215 286 104 262 194 294 223 177 250 183 240 160 
105 71 149 117 117 131 87 218 89 72 128 155 187 59 143 158 130 98 106 120 105 132 96 42 129 120 154 94 165 156 95 13 196 0 142 62 102 113 95 104 69 75 88 130 129 117 137 168 118 73 90 101 79 28 187 165 116 231 47 105 113 137 108 146 
184 119 157 97 115 70 102 224 89 144 210 124 198 135 48 116 178 136 129 95 182 208 94 164 133 120 93 92 163 149 133 135 202 122 0 138 174 151 133 119 84 90 116 211 68 207 64 107 45 71 128 116 79 150 185 203 114 99 148 102 114 135 131 85 
224 204 200 183 150 231 187 240 122 227 196 167 231 142 81 159 263 145 44 186 260 287 162 197 132 148 225 160 198 227 195 168 134 155 170 0 257 215 197 204 169 175 26 198 229 240 107 239 215 156 228 123 112 183 160 247 179 264 202 205 147 168 46 217 
170 158 203 131 177 186 174 297 139 183 269 169 242 199 177 162 217 122 171 134 301 238 131 255 27 195 196 181 225 188 119 43 277 213 166 194 0 137 119 159 156 162 153 37 184 147 110 210 211 160 114 180 170 217 97 65 203 265 134 192 164 161 173 188 
157 63 124 76 40 49 46 177 70 149 154 91 105 79 116 83 122 115 79 79 206 187 99 143 122 101 72 97 88 133 112 9 183 103 94 64 179 0 112 22 74 34 61 153 47 113 31 86 139 93 107 60 60 131 153 103 98 193 99 81 95 24 81 64 
175 81 142 94 58 67 64 195 88 167 172 109 123 97 134 101 140 127 97 97 224 205 117 161 140 119 90 115 106 151 124 27 201 121 112 82 197 18 0 40 92 52 79 171 65 131 49 104 157 111 119 78 78 149 171 70 116 211 117 99 113 42 99 82 
139 41 166 54 72 27 24 155 48 151 132 92 83 57 95 125 100 93 103 57 184 165 77 121 100 79 50 75 120 111 90 93 161 81 77 60 181 84 90 0 84 12 86 134 25 166 115 64 122 71 85 38 38 109 185 160 76 176 105 59 73 108 105 42 
133 35 160 89 104 62 18 149 25 179 126 127 118 51 115 119 94 128 45 92 200 168 71 151 133 81 85 69 152 146 125 87 163 109 100 54 209 78 125 35 0 6 80 128 60 143 109 99 145 65 120 32 66 137 161 181 91 167 140 36 50 102 47 77 
127 29 154 83 98 56 12 143 70 175 120 121 112 45 124 113 88 122 91 86 194 162 65 145 129 101 79 63 146 140 119 81 182 103 94 48 205 72 119 29 72 0 74 122 54 185 103 93 139 59 114 26 60 131 173 175 85 193 134 88 95 96 93 71 
198 178 174 157 124 205 161 214 96 201 170 141 205 116 55 133 237 119 18 160 234 261 136 171 106 127 199 134 172 201 169 142 209 129 144 109 231 189 171 178 143 149 0 172 203 214 81 213 189 130 202 97 86 157 134 221 153 238 176 179 121 142 20 191 
230 200 244 203 160 206 193 260 102 146 232 183 211 162 140 203 259 180 134 206 305 201 182 256 203 158 159 180 208 230 161 6 240 214 186 165 176 206 199 210 175 181 116 0 235 110 151 173 231 162 194 143 171 180 60 223 185 232 176 168 127 144 136 151 
116 101 173 29 47 2 84 156 78 126 192 67 147 117 70 148 160 68 117 32 159 140 102 96 75 94 25 127 95 86 65 92 176 111 52 120 156 83 65 101 102 72 144 160 0 143 96 39 97 106 60 98 68 139 160 135 51 151 80 34 63 107 119 17 
124 90 167 93 112 96 97 150 84 36 176 73 193 52 61 139 149 125 24 96 201 91 72 159 93 115 119 70 160 120 51 109 189 117 146 55 66 155 159 114 79 85 6 103 139 0 87 133 183 66 154 33 74 145 140 131 92 202 66 115 109 143 26 111 
161 127 93 160 99 133 136 266 71 141 222 60 180 156 107 52 186 106 70 104 209 236 152 146 158 102 156 150 147 158 88 117 184 104 63 159 171 164 146 153 125 124 52 208 131 189 0 170 108 129 150 149 61 125 186 216 128 162 103 161 96 188 72 148 
77 62 134 111 8 89 45 117 72 163 153 117 145 78 31 109 121 29 108 114 168 195 90 147 162 103 112 88 56 168 26 53 181 105 73 81 193 44 26 62 63 33 105 121 87 157 57 0 118 67 21 59 62 133 121 96 110 172 41 99 97 68 110 104 
165 74 112 70 118 101 57 188 64 160 165 79 157 90 126 71 133 125 84 50 137 164 49 165 88 112 124 47 122 104 94 126 194 123 82 93 190 117 153 74 39 45 71 167 99 182 19 138 0 26 159 71 80 144 140 199 69 181 107 75 81 120 86 116 
139 48 126 44 110 75 31 162 38 192 139 82 131 64 127 85 107 139 58 47 213 181 23 164 138 94 98 21 101 101 68 100 176 122 113 67 176 91 127 48 13 19 93 141 73 156 101 112 134 0 133 45 79 150 114 173 43 180 81 49 63 94 60 90 
56 44 147 90 63 72 60 191 67 142 168 114 128 93 64 106 103 8 87 93 187 177 69 166 145 85 95 67 111 147 5 32 167 126 52 87 172 23 5 45 42 48 84 142 70 136 54 109 97 46 0 74 83 154 160 75 89 151 20 78 92 47 89 87 
101 81 134 60 126 108 64 117 71 214 172 98 164 19 103 118 140 147 66 63 168 195 39 184 154 125 131 37 134 117 94 131 156 142 146 22 192 122 143 81 46 52 48 131 106 189 117 145 150 33 166 0 99 170 147 189 59 199 109 82 94 110 68 123 
148 92 192 114 38 119 75 206 10 115 171 152 119 102 131 155 151 124 89 117 148 175 93 85 125 41 113 91 86 171 102 56 123 43 83 105 145 103 85 92 83 63 131 151 117 128 134 127 128 70 116 89 0 71 151 155 67 152 90 119 35 127 91 105 
113 93 171 89 125 120 76 207 83 204 100 127 169 31 115 130 152 70 78 92 244 226 68 209 166 116 143 66 146 146 67 94 168 167 114 34 221 85 67 93 58 64 60 102 118 198 116 157 159 45 62 90 124 0 159 137 88 213 82 94 85 109 80 135 
259 203 199 201 149 230 186 317 121 226 282 166 230 213 80 158 262 212 176 204 245 272 180 196 236 152 224 178 197 258 194 167 234 154 169 207 256 214 196 203 194 174 158 262 228 239 106 238 214 181 227 200 111 182 0 246 178 263 201 230 146 167 178 216 
105 93 138 139 112 121 109 240 116 186 217 105 177 142 113 97 152 57 115 142 236 226 118 191 194 134 144 116 160 196 54 81 216 149 101 136 216 72 54 94 91 97 97 191 119 185 45 158 146 95 49 123 106 170 209 0 138 200 69 127 141 96 117 136 
108 74 202 120 155 134 90 221 97 218 198 158 190 123 94 161 133 176 116 123 239 207 99 210 204 137 157 97 171 177 35 159 166 168 172 126 248 150 173 107 72 78 152 172 132 215 120 147 183 76 168 104 125 196 190 243 0 239 50 108 122 170 118 149 
116 101 169 150 47 128 84 156 111 45 192 156 184 117 70 148 160 68 147 153 125 152 129 186 102 142 25 127 95 129 65 92 217 144 112 120 75 83 65 101 102 72 144 112 126 196 96 39 157 106 60 98 101 172 160 135 51 0 80 98 136 107 149 143 
58 24 182 111 126 84 40 171 47 201 148 149 140 73 137 141 83 150 67 114 189 157 93 173 155 87 107 91 174 168 147 109 169 131 122 76 231 100 147 57 22 28 102 150 82 165 130 121 133 87 142 54 88 159 183 202 113 189 0 58 72 123 69 99 
309 218 248 214 275 230 201 332 208 304 309 252 301 234 208 255 277 261 228 217 342 351 193 302 293 227 253 191 271 271 238 270 309 282 160 237 334 261 293 218 183 189 263 311 228 326 224 267 205 170 288 215 239 310 284 343 213 259 251 0 233 264 230 245 
137 125 226 166 100 143 137 209 148 217 206 195 84 140 121 187 184 89 54 128 255 258 150 237 115 31 78 148 148 182 86 113 113 195 73 143 247 104 86 126 123 125 165 208 141 196 135 92 118 127 81 133 152 223 170 156 104 172 101 87 0 128 56 70 
133 70 100 124 16 97 53 184 75 148 161 67 153 86 92 59 129 113 55 111 216 203 106 153 143 109 120 104 64 165 95 122 174 111 70 40 178 113 133 70 50 41 37 129 95 193 7 134 115 100 128 67 68 132 129 79 126 169 75 86 100 0 57 112 
268 234 220 190 263 294 250 203 235 281 358 228 308 283 194 272 293 233 269 193 254 281 294 310 86 255 250 292 311 247 290 141 267 268 277 253 311 308 290 267 232 238 251 255 292 245 220 264 280 295 285 264 225 296 114 358 276 329 210 268 224 279 0 286 
99 84 156 132 30 105 67 139 94 162 175 139 167 100 53 131 143 51 130 130 190 217 112 169 58 125 8 110 78 184 48 75 200 127 35 103 192 66 48 84 85 55 127 143 103 126 79 22 80 89 43 81 84 155 143 118 34 134 63 17 119 90 132 0 
