0 880 772 792 791 743 590 859 714 967 883 434 858 1001 868 720 
433 0 370 390 374 341 432 457 312 292 481 276 456 441 291 359 
63 184 0 20 241 138 297 239 283 263 111 304 86 412 96 170 
208 250 145 0 381 283 440 384 263 243 91 284 231 392 162 310 
217 281 176 31 0 314 471 415 294 274 122 315 262 423 193 239 
92 213 29 49 270 0 326 268 312 292 140 333 115 441 125 199 
245 366 182 202 201 153 0 421 124 445 293 486 268 594 278 130 
293 308 230 250 290 201 365 0 172 152 341 534 316 301 326 219 
121 242 58 78 249 29 193 297 0 321 169 362 144 470 154 228 
141 156 78 98 138 49 213 165 20 0 189 382 164 149 174 67 
232 159 169 24 405 307 349 408 287 267 0 193 255 416 71 334 
401 446 338 358 357 309 156 425 280 577 449 0 424 726 434 286 
320 98 273 186 155 354 518 153 325 305 277 374 0 454 10 84 
37 7 156 176 216 127 291 16 98 78 267 283 242 0 252 145 
381 88 318 338 462 429 520 545 400 380 429 364 404 529 0 447 
288 352 247 102 71 385 542 317 365 345 193 386 333 494 264 0 
