0 297 238 341 251 211 167 287 406 293 225 345 239 217 285 236 379 266 272 447 264 223 254 396 296 255 380 269 141 291 297 341 
220 0 64 167 77 230 142 253 274 234 244 364 144 156 340 412 398 302 178 448 242 198 253 229 155 114 206 111 207 150 275 96 
156 211 0 103 13 166 308 231 210 212 180 300 194 100 276 392 334 287 139 392 186 147 245 165 116 243 142 240 168 273 219 189 
89 127 59 0 62 110 256 128 107 109 105 225 138 13 210 325 278 184 36 305 99 44 142 166 13 140 201 137 65 176 132 105 
179 217 149 90 0 184 346 218 197 199 179 299 212 87 300 415 352 274 126 379 173 134 232 256 103 230 291 227 155 266 206 195 
114 152 112 215 125 0 200 302 195 283 14 134 28 40 309 350 168 234 61 236 53 174 210 212 112 175 254 172 164 107 86 130 
227 282 71 174 84 237 0 228 281 209 182 302 265 171 325 270 405 160 210 382 176 56 316 236 187 240 213 237 180 276 209 260 
123 161 219 296 232 229 290 0 281 292 231 351 257 139 353 359 397 243 70 431 225 218 280 282 156 141 361 272 208 177 258 139 
229 72 136 144 54 238 214 262 0 253 233 353 216 141 350 465 406 324 176 433 227 188 251 253 153 186 278 183 205 148 260 168 
142 73 137 226 150 170 215 19 213 0 117 237 61 73 269 378 338 243 89 317 111 134 170 172 72 31 221 28 124 67 121 158 
233 253 98 201 111 119 186 329 181 310 0 120 147 159 374 456 287 346 180 222 172 242 295 263 197 294 240 291 249 192 205 249 
153 133 154 205 115 178 275 269 61 297 192 0 206 169 274 389 346 248 100 102 231 139 175 177 77 247 296 244 129 72 264 142 
160 198 161 238 168 109 290 319 285 300 104 224 0 12 281 396 277 255 107 304 98 146 182 184 84 234 303 236 136 79 131 176 
211 249 190 246 156 97 278 339 273 320 92 212 125 0 363 384 265 331 158 292 86 228 307 181 166 227 332 224 218 204 119 227 
220 184 64 167 77 230 326 174 163 191 244 102 189 164 0 123 398 142 202 204 250 49 277 229 179 142 206 156 17 174 283 244 
136 61 125 214 138 161 203 51 201 156 170 290 66 78 257 0 329 231 83 370 164 122 158 160 60 19 267 33 112 55 197 152 
126 164 127 204 140 204 293 289 284 270 218 338 232 142 247 362 0 221 73 434 228 112 346 203 50 256 269 253 102 292 261 142 
191 122 186 275 199 219 264 68 262 49 166 286 110 122 268 391 387 0 138 366 160 183 219 221 121 80 270 77 123 116 170 207 
53 91 149 226 162 159 220 241 211 222 161 281 187 69 283 289 327 173 0 361 155 148 307 239 86 205 291 202 138 241 188 69 
250 93 157 165 75 259 235 283 21 274 143 263 237 162 371 486 427 345 197 0 137 209 272 274 174 207 299 204 226 169 170 130 
239 183 104 207 117 125 192 253 187 234 6 126 153 165 379 462 293 352 186 206 0 244 280 269 182 141 246 138 234 177 33 255 
171 226 15 118 28 181 323 246 225 227 195 315 209 115 291 311 349 302 154 407 201 0 260 180 131 258 157 255 183 288 234 204 
266 197 261 282 192 294 339 143 337 124 241 361 185 197 343 294 462 75 213 441 235 258 0 296 196 155 345 152 198 191 245 282 
115 153 113 216 126 1 201 159 196 284 15 135 29 41 310 351 169 235 62 237 54 175 211 0 113 176 209 173 165 108 87 131 
76 114 77 154 90 154 243 239 234 220 168 288 182 92 197 312 304 171 23 384 178 62 296 153 0 206 219 203 52 242 211 92 
117 42 106 195 119 142 184 280 182 261 156 276 170 133 238 353 310 212 64 378 174 103 139 141 41 0 248 153 93 36 207 133 
135 69 133 236 146 24 211 107 219 303 38 158 52 64 134 257 192 258 85 260 77 183 234 23 136 183 0 180 151 131 110 47 
120 45 109 198 122 142 187 142 185 123 137 257 33 45 241 356 310 215 67 337 131 106 142 144 44 3 251 0 96 39 164 136 
316 225 209 312 222 344 367 193 308 174 291 247 235 247 145 268 512 125 263 349 285 194 344 346 246 205 351 202 0 241 295 321 
81 119 82 159 95 106 215 244 239 225 120 240 134 97 202 317 274 176 28 342 159 67 103 105 5 211 224 208 57 0 192 97 
225 150 214 303 227 206 292 247 290 228 220 340 138 150 346 461 374 320 172 442 236 211 247 248 149 108 225 105 201 144 0 241 
242 22 86 189 99 252 164 275 296 256 266 386 166 178 362 434 420 324 200 470 264 220 275 251 177 136 228 133 229 172 297 0 
